Chart/Chart_1	[55]	0.017857142857142856	0.017857142857142856
Chart/Chart_2	[21, 23, 24, 25, 28, 30, 32, 33, 34, 38, 40, 45, 47, 49]	0.20068287411665667	0.045454545454545456
Chart/Chart_3	[0]	1.0	1.0
Chart/Chart_4	[16]	0.058823529411764705	0.058823529411764705
Chart/Chart_5	[0, 2, 3, 4]	0.8041666666666667	1.0
Chart/Chart_6	[47]	0.020833333333333332	0.020833333333333332
Chart/Chart_7	[10, 15, 17, 19, 20, 32, 46]	0.16448933538599192	0.09090909090909091
Chart/Chart_8	[3]	0.25	0.25
Chart/Chart_9	[10, 13]	0.11688311688311688	0.09090909090909091
Chart/Chart_10	[0]	1.0	1.0
Chart/Chart_11	[4, 6, 7]	0.28690476190476194	0.2
Chart/Chart_12	[10]	0.09090909090909091	0.09090909090909091
Chart/Chart_13	[45]	0.021739130434782608	0.021739130434782608
Chart/Chart_14	[191, 192, 193, 194]	0.012886941418111295	0.005208333333333333
Chart/Chart_16	[11, 12]	0.11858974358974358	0.08333333333333333
Chart/Chart_17	[1]	0.5	0.5
Chart/Chart_18	[1, 2, 3, 35, 36, 43]	0.3832127582127582	0.5
Chart/Chart_19	[7, 8]	0.1736111111111111	0.125
Chart/Chart_20	[0, 1, 2]	1.0	1.0
Chart/Chart_21	[0]	1.0	1.0
Chart/Chart_22	[5, 6, 7, 12, 13, 14, 15, 16, 17, 34, 46, 47, 59]	0.32974829677559053	0.16666666666666666
Chart/Chart_24	[0, 1, 2, 3]	1.0	1.0
Chart/Chart_25	[1666, 1671, 1672, 1673, 1713, 1830, 1831, 1832, 1833, 1834]	0.0030715063465396207	5.998800239952009E-4
Chart/Chart_26	[387]	0.002577319587628866	0.002577319587628866
MAP	0.35654111078936634
MRR	0.34461752029849163
TOP-n	6	8	8	9	10	11	11	12	12	12	15	16	16	16	16	16	17	17	17	17	
