Chart/Chart_1	[60]	0.01639344262295082	0.01639344262295082
Chart/Chart_2	[25, 27, 29, 34, 36, 38, 39, 40, 41, 43, 44, 46, 48, 49]	0.17642194441176148	0.038461538461538464
Chart/Chart_3	[0]	1.0	1.0
Chart/Chart_4	[16]	0.058823529411764705	0.058823529411764705
Chart/Chart_5	[0, 2, 3, 4]	0.8041666666666667	1.0
Chart/Chart_6	[47]	0.020833333333333332	0.020833333333333332
Chart/Chart_7	[10, 14, 16, 18, 19, 31, 45]	0.1715590344729529	0.09090909090909091
Chart/Chart_8	[3]	0.25	0.25
Chart/Chart_9	[11, 16]	0.10049019607843138	0.08333333333333333
Chart/Chart_10	[0]	1.0	1.0
Chart/Chart_11	[4, 6, 7]	0.28690476190476194	0.2
Chart/Chart_12	[10]	0.09090909090909091	0.09090909090909091
Chart/Chart_13	[59]	0.016666666666666666	0.016666666666666666
Chart/Chart_14	[188, 189, 190, 191]	0.013089365174133703	0.005291005291005291
Chart/Chart_16	[11, 12]	0.11858974358974358	0.08333333333333333
Chart/Chart_17	[1]	0.5	0.5
Chart/Chart_18	[1, 2, 4, 34, 35, 43]	0.35936748436748434	0.5
Chart/Chart_19	[12, 15]	0.10096153846153846	0.07692307692307693
Chart/Chart_20	[3, 4, 5]	0.3833333333333333	0.25
Chart/Chart_21	[0]	1.0	1.0
Chart/Chart_22	[5, 6, 7, 12, 13, 14, 15, 16, 17, 44, 45, 57, 64]	0.32065796624916953	0.16666666666666666
Chart/Chart_24	[0, 1, 2, 3]	1.0	1.0
Chart/Chart_25	[1666, 1671, 1672, 1673, 1713, 1830, 1831, 1832, 1833, 1834]	0.0030715063465396207	5.998800239952009E-4
Chart/Chart_26	[387]	0.002577319587628866	0.002577319587628866
MAP	0.32478403848283127
MRR	0.3104883878113948
TOP-n	5	7	7	9	10	11	11	11	11	11	13	15	16	16	16	16	17	17	17	17	
