Chart/Chart_1	[12]	0.07692307692307693	0.07692307692307693
Chart/Chart_2	[0, 1, 2, 4, 5, 6, 7, 8, 9, 11, 13, 15, 16, 20]	0.8539132319594505	1.0
Chart/Chart_3	[0]	1.0	1.0
Chart/Chart_4	[16]	0.058823529411764705	0.058823529411764705
Chart/Chart_5	[1, 2, 3, 5]	0.6458333333333333	0.5
Chart/Chart_6	[47]	0.020833333333333332	0.020833333333333332
Chart/Chart_7	[11, 15, 17, 30, 31, 32, 46]	0.14157665858506627	0.08333333333333333
Chart/Chart_8	[2]	0.3333333333333333	0.3333333333333333
Chart/Chart_9	[0, 1]	1.0	1.0
Chart/Chart_10	[0]	1.0	1.0
Chart/Chart_11	[4, 6, 7]	0.28690476190476194	0.2
Chart/Chart_12	[10]	0.09090909090909091	0.09090909090909091
Chart/Chart_13	[24]	0.04	0.04
Chart/Chart_14	[193, 194, 195, 196]	0.01275543510214159	0.005154639175257732
Chart/Chart_16	[12, 13]	0.10989010989010989	0.07692307692307693
Chart/Chart_17	[0]	1.0	1.0
Chart/Chart_18	[0, 2, 3, 36, 37, 39]	0.46772562035719933	1.0
Chart/Chart_19	[5, 6]	0.22619047619047616	0.16666666666666666
Chart/Chart_20	[0, 1, 2]	1.0	1.0
Chart/Chart_21	[0]	1.0	1.0
Chart/Chart_22	[2, 3, 4, 9, 10, 11, 12, 13, 14, 20, 24, 47, 48]	0.4560973458775657	0.3333333333333333
Chart/Chart_24	[0, 1, 2, 3]	1.0	1.0
Chart/Chart_25	[1666, 1671, 1672, 1673, 1712, 1830, 1831, 1832, 1833, 1834]	0.0030716766415109465	5.998800239952009E-4
Chart/Chart_26	[387]	0.002577319587628866	0.002577319587628866
MAP	0.45113993055582685
MRR	0.4578921088730788
TOP-n	9	10	12	12	13	14	14	14	14	14	15	16	18	18	18	18	19	19	19	19	
