Chart/Chart_1	[54]	0.01818181818181818	0.01818181818181818
Chart/Chart_2	[3, 4, 5, 6, 10, 17, 18, 19, 21, 24, 33, 43, 44, 47]	0.37597368293409866	0.25
Chart/Chart_3	[0]	1.0	1.0
Chart/Chart_4	[16]	0.058823529411764705	0.058823529411764705
Chart/Chart_5	[0, 2, 3, 4]	0.8041666666666667	1.0
Chart/Chart_6	[47]	0.020833333333333332	0.020833333333333332
Chart/Chart_7	[10, 15, 17, 19, 20, 32, 46]	0.16448933538599192	0.09090909090909091
Chart/Chart_8	[3]	0.25	0.25
Chart/Chart_9	[9, 10]	0.14090909090909093	0.1
Chart/Chart_10	[0]	1.0	1.0
Chart/Chart_11	[4, 6, 7]	0.28690476190476194	0.2
Chart/Chart_12	[10]	0.09090909090909091	0.09090909090909091
Chart/Chart_13	[42]	0.023255813953488372	0.023255813953488372
Chart/Chart_14	[192, 193, 194, 195]	0.01282085103767401	0.0051813471502590676
Chart/Chart_16	[11, 12]	0.11858974358974358	0.08333333333333333
Chart/Chart_17	[1]	0.5	0.5
Chart/Chart_18	[1, 2, 3, 36, 37, 42]	0.38264810097735436	0.5
Chart/Chart_19	[4, 5]	0.26666666666666666	0.2
Chart/Chart_20	[0, 1, 2]	1.0	1.0
Chart/Chart_21	[0]	1.0	1.0
Chart/Chart_22	[5, 6, 7, 12, 13, 14, 15, 16, 17, 32, 46, 47, 59]	0.3310802981075919	0.16666666666666666
Chart/Chart_24	[0, 1, 2, 3]	1.0	1.0
Chart/Chart_25	[1665, 1670, 1671, 1672, 1714, 1830, 1831, 1832, 1833, 1834]	0.0030716939159786192	6.002400960384153E-4
Chart/Chart_26	[387]	0.002577319587628866	0.002577319587628866
MAP	0.3688292415613643
MRR	0.3567196493138547
TOP-n	6	8	8	10	12	13	13	13	13	14	16	17	17	17	17	17	18	18	18	18	
