Chart/Chart_1	[40]	0.024390243902439025	0.024390243902439025
Chart/Chart_2	[0, 1, 2, 4, 5, 6, 7, 8, 9, 13, 15, 19, 21, 28]	0.8021298932321098	1.0
Chart/Chart_3	[0]	1.0	1.0
Chart/Chart_4	[16]	0.058823529411764705	0.058823529411764705
Chart/Chart_5	[0, 2, 3, 5]	0.7708333333333333	1.0
Chart/Chart_6	[47]	0.020833333333333332	0.020833333333333332
Chart/Chart_7	[11, 15, 17, 30, 31, 32, 46]	0.14157665858506627	0.08333333333333333
Chart/Chart_8	[3]	0.25	0.25
Chart/Chart_9	[5, 8]	0.19444444444444442	0.16666666666666666
Chart/Chart_10	[0]	1.0	1.0
Chart/Chart_11	[4, 6, 7]	0.28690476190476194	0.2
Chart/Chart_12	[10]	0.09090909090909091	0.09090909090909091
Chart/Chart_13	[27]	0.03571428571428571	0.03571428571428571
Chart/Chart_14	[193, 194, 195, 196]	0.01275543510214159	0.005154639175257732
Chart/Chart_16	[11, 12]	0.11858974358974358	0.08333333333333333
Chart/Chart_17	[1]	0.5	0.5
Chart/Chart_18	[1, 2, 3, 36, 37, 39]	0.384392287023866	0.5
Chart/Chart_19	[4, 5]	0.26666666666666666	0.2
Chart/Chart_20	[0, 1, 2]	1.0	1.0
Chart/Chart_21	[0]	1.0	1.0
Chart/Chart_22	[5, 6, 7, 12, 13, 14, 15, 16, 17, 26, 46, 47, 57]	0.33683501593127524	0.16666666666666666
Chart/Chart_24	[0, 1, 2, 3]	1.0	1.0
Chart/Chart_25	[1666, 1671, 1672, 1673, 1712, 1830, 1831, 1832, 1833, 1834]	0.0030716766415109465	5.998800239952009E-4
Chart/Chart_26	[387]	0.002577319587628866	0.002577319587628866
MAP	0.387560321638061
MRR	0.3912084300857414
TOP-n	7	9	9	10	12	14	14	14	14	14	15	17	17	17	17	17	18	18	18	18	
