Closure/Closure_1	[10]	0.09090909090909091	0.09090909090909091
Closure/Closure_2	[54, 57]	0.026332288401253918	0.01818181818181818
Closure/Closure_3	[47, 439]	0.012689393939393938	0.020833333333333332
Closure/Closure_5	[220]	0.004524886877828055	0.004524886877828055
Closure/Closure_6	[162, 165, 207, 208]	0.012936248750043969	0.006134969325153374
Closure/Closure_7	[0, 2, 41]	0.5793650793650793	1.0
Closure/Closure_8	[1, 4, 5]	0.4666666666666666	0.5
Closure/Closure_9	[3]	0.25	0.25
Closure/Closure_10	[98, 99]	0.01505050505050505	0.010101010101010102
Closure/Closure_11	[396, 447]	0.0034915887009715724	0.0025188916876574307
Closure/Closure_13	[2688]	3.718854592785422E-4	3.718854592785422E-4
Closure/Closure_14	[46, 273, 330]	0.012546436642144962	0.02127659574468085
Closure/Closure_16	[21, 55, 120, 126, 158, 159, 160]	0.03569758347725394	0.045454545454545456
Closure/Closure_17	[137]	0.007246376811594203	0.007246376811594203
Closure/Closure_18	[745]	0.0013404825737265416	0.0013404825737265416
Closure/Closure_20	[0]	1.0	1.0
Closure/Closure_21	[15, 16, 17, 18, 27, 71]	0.1365408005307386	0.0625
Closure/Closure_22	[11, 16, 17, 33, 94, 97]	0.09985836439839092	0.08333333333333333
Closure/Closure_23	[0, 194, 612, 917]	0.2548769182105714	1.0
Closure/Closure_24	[34, 35]	0.04206349206349206	0.02857142857142857
Closure/Closure_25	[36, 90, 101, 127, 128]	0.029685300726682396	0.02702702702702703
Closure/Closure_26	[308]	0.003236245954692557	0.003236245954692557
Closure/Closure_27	[2, 3, 4]	0.4777777777777777	0.3333333333333333
Closure/Closure_29	[36, 126, 215]	0.018887982470659637	0.02702702702702703
Closure/Closure_30	[243]	0.004098360655737705	0.004098360655737705
Closure/Closure_31	[702, 706]	0.002125664710344231	0.001422475106685633
Closure/Closure_32	[2, 5, 7, 10]	0.35132575757575757	0.3333333333333333
Closure/Closure_34	[0, 1, 13, 15, 19, 21, 25, 58, 89]	0.38798188628697106	1.0
Closure/Closure_35	[3, 203, 245]	0.090666347839949	0.25
Closure/Closure_36	[502, 1039]	0.0019555742468267317	0.0019880715705765406
Closure/Closure_37	[394, 548]	0.0030873164095824397	0.002531645569620253
Closure/Closure_38	[29, 39, 40]	0.0521680216802168	0.03333333333333333
Closure/Closure_39	[1]	0.5	0.5
Closure/Closure_40	[8, 51, 59, 323, 366]	0.04510846135732603	0.1111111111111111
Closure/Closure_41	[175, 215, 217, 272, 830]	0.009874281431016435	0.005681818181818182
Closure/Closure_42	[4, 5]	0.26666666666666666	0.2
Closure/Closure_43	[314, 410, 516, 600]	0.005124766299223428	0.0031746031746031746
Closure/Closure_44	[94]	0.010526315789473684	0.010526315789473684
Closure/Closure_45	[38, 39, 40, 100]	0.047103929436095586	0.02564102564102564
Closure/Closure_46	[6, 8, 9, 14, 33]	0.21576097105508868	0.14285714285714285
Closure/Closure_47	[351]	0.002840909090909091	0.002840909090909091
Closure/Closure_48	[12, 72, 193, 253, 354]	0.02992335865222785	0.07692307692307693
Closure/Closure_49	[549, 726, 803, 1018, 1516, 1518]	0.003245319967255775	0.0018181818181818182
Closure/Closure_50	[13, 16]	0.09453781512605042	0.07142857142857142
Closure/Closure_51	[39]	0.025	0.025
Closure/Closure_52	[3, 8]	0.2361111111111111	0.25
Closure/Closure_53	[5, 16]	0.14215686274509803	0.16666666666666666
Closure/Closure_54	[30, 40, 169, 2115, 2629, 2667]	0.01745433109323467	0.03225806451612903
Closure/Closure_55	[181]	0.005494505494505495	0.005494505494505495
Closure/Closure_56	[7, 8]	0.1736111111111111	0.125
Closure/Closure_57	[3]	0.25	0.25
Closure/Closure_58	[62, 66]	0.022861881070836296	0.015873015873015872
Closure/Closure_59	[1324]	7.547169811320754E-4	7.547169811320754E-4
Closure/Closure_60	[147]	0.006756756756756757	0.006756756756756757
Closure/Closure_61	[9]	0.1	0.1
Closure/Closure_62	[0, 1, 4, 5, 6, 14]	0.7301587301587302	1.0
Closure/Closure_65	[0]	1.0	1.0
Closure/Closure_66	[225]	0.004424778761061947	0.004424778761061947
Closure/Closure_67	[139, 216]	0.008179723502304148	0.007142857142857143
Closure/Closure_68	[0, 35]	0.5277777777777778	1.0
Closure/Closure_69	[80, 169, 203, 205, 249]	0.015646748595159028	0.012345679012345678
Closure/Closure_70	[341, 436, 510]	0.004457159044789526	0.0029239766081871343
Closure/Closure_71	[8, 27, 33, 43]	0.09042101689160512	0.1111111111111111
Closure/Closure_72	[71, 137, 138]	0.016654792108342312	0.013888888888888888
Closure/Closure_73	[12]	0.07692307692307693	0.07692307692307693
Closure/Closure_74	[2, 3, 7, 39]	0.32708333333333334	0.3333333333333333
Closure/Closure_75	[34]	0.02857142857142857	0.02857142857142857
Closure/Closure_76	[7, 13, 15, 21, 30, 31, 40, 45]	0.166326299756413	0.125
Closure/Closure_77	[0]	1.0	1.0
Closure/Closure_78	[1]	0.5	0.5
Closure/Closure_79	[30]	0.03225806451612903	0.03225806451612903
Closure/Closure_81	[14, 16, 18]	0.11406948744410045	0.06666666666666667
Closure/Closure_84	[24]	0.04	0.04
Closure/Closure_85	[0, 26, 41, 65, 77, 167]	0.21765425932092597	1.0
Closure/Closure_87	[59, 104]	0.017857142857142856	0.016666666666666666
Closure/Closure_88	[14, 20, 61]	0.07009728622631849	0.06666666666666667
Closure/Closure_89	[33, 56, 171]	0.027313781489748085	0.029411764705882353
Closure/Closure_90	[6, 7, 1023]	0.13192894345238096	0.14285714285714285
Closure/Closure_91	[685]	0.0014577259475218659	0.0014577259475218659
Closure/Closure_92	[0, 6]	0.6428571428571428	1.0
Closure/Closure_94	[12, 19]	0.08846153846153847	0.07692307692307693
Closure/Closure_95	[410, 731, 740, 1003]	0.003299494300615177	0.0024330900243309003
Closure/Closure_96	[177, 178, 179]	0.011152609517432818	0.0056179775280898875
Closure/Closure_97	[21, 22, 25]	0.08259856085943043	0.045454545454545456
Closure/Closure_98	[1020, 1021]	0.0014681895459537578	9.794319294809011E-4
Closure/Closure_99	[27, 195]	0.022959183673469385	0.03571428571428571
Closure/Closure_100	[99, 205]	0.009854368932038834	0.01
Closure/Closure_103	[3, 13, 316]	0.13410695508487305	0.25
Closure/Closure_104	[3]	0.25	0.25
Closure/Closure_105	[649]	0.0015384615384615385	0.0015384615384615385
Closure/Closure_106	[709, 917]	0.0017935499708490597	0.0014084507042253522
Closure/Closure_107	[712]	0.001402524544179523	0.001402524544179523
Closure/Closure_108	[163, 214, 251, 361, 397, 448]	0.010713369207042375	0.006097560975609756
Closure/Closure_109	[9]	0.1	0.1
Closure/Closure_110	[0, 1, 2, 3]	1.0	1.0
Closure/Closure_112	[19, 56, 84, 1279]	0.03087670923632611	0.05
Closure/Closure_113	[3, 9]	0.225	0.25
Closure/Closure_114	[129, 142]	0.010839160839160839	0.007692307692307693
Closure/Closure_115	[7, 11, 19, 81, 182]	0.10355391176862587	0.125
Closure/Closure_116	[6, 25, 72]	0.08695870339705956	0.14285714285714285
Closure/Closure_117	[4]	0.2	0.2
Closure/Closure_118	[52]	0.018867924528301886	0.018867924528301886
Closure/Closure_120	[139]	0.007142857142857143	0.007142857142857143
Closure/Closure_121	[15, 173, 237, 246]	0.0256984067185439	0.0625
Closure/Closure_122	[0]	1.0	1.0
Closure/Closure_123	[30, 72]	0.029827662395050816	0.03225806451612903
Closure/Closure_124	[3]	0.25	0.25
Closure/Closure_125	[116]	0.008547008547008548	0.008547008547008548
Closure/Closure_126	[0, 2, 59, 96, 108, 173]	0.3063763497204076	1.0
Closure/Closure_127	[123, 124, 275]	0.011644693782141188	0.008064516129032258
Closure/Closure_128	[3, 7]	0.25	0.25
Closure/Closure_129	[1773]	5.636978579481398E-4	5.636978579481398E-4
Closure/Closure_130	[181]	0.005494505494505495	0.005494505494505495
Closure/Closure_131	[15, 61, 66]	0.046511394639704697	0.0625
Closure/Closure_132	[0, 1, 4, 43]	0.6727272727272727	1.0
Closure/Closure_133	[74]	0.013333333333333334	0.013333333333333334
MAP	0.15087801287670605
MRR	0.19133169461546368
TOP-n	14	17	20	29	31	32	35	38	40	42	43	44	47	48	50	53	53	53	53	54	
