Closure/Closure_1	[10]	0.09090909090909091	0.09090909090909091
Closure/Closure_2	[44, 48]	0.03151927437641723	0.022222222222222223
Closure/Closure_3	[90, 455]	0.007687487950645846	0.01098901098901099
Closure/Closure_5	[213]	0.004672897196261682	0.004672897196261682
Closure/Closure_6	[159, 162, 200, 201]	0.013311822995663726	0.00625
Closure/Closure_7	[0, 2, 33]	0.5849673202614378	1.0
Closure/Closure_8	[1, 4, 5]	0.4666666666666666	0.5
Closure/Closure_9	[3]	0.25	0.25
Closure/Closure_10	[81, 82]	0.018145753746694096	0.012195121951219513
Closure/Closure_11	[405, 499]	0.0032315270935960594	0.0024630541871921183
Closure/Closure_13	[2706]	3.694126339120798E-4	3.694126339120798E-4
Closure/Closure_14	[42, 270, 325]	0.013279447247318813	0.023255813953488372
Closure/Closure_16	[14, 32, 103, 104, 141, 142, 143]	0.045713505698415154	0.06666666666666667
Closure/Closure_17	[127]	0.0078125	0.0078125
Closure/Closure_18	[747]	0.001336898395721925	0.001336898395721925
Closure/Closure_20	[2]	0.3333333333333333	0.3333333333333333
Closure/Closure_21	[7, 9, 24, 27, 31, 77]	0.13683836996336995	0.125
Closure/Closure_22	[5, 21, 22, 29, 78, 84]	0.10920387467540175	0.16666666666666666
Closure/Closure_23	[0, 271, 925, 975]	0.25367276066323563	1.0
Closure/Closure_24	[33, 34]	0.04327731092436975	0.029411764705882353
Closure/Closure_25	[23, 74, 87, 116, 117]	0.03579703159364176	0.041666666666666664
Closure/Closure_26	[247]	0.004032258064516129	0.004032258064516129
Closure/Closure_27	[1, 2, 3]	0.6388888888888888	0.5
Closure/Closure_29	[30, 113, 202]	0.021526749762801514	0.03225806451612903
Closure/Closure_30	[217]	0.0045871559633027525	0.0045871559633027525
Closure/Closure_31	[650, 652]	0.0022994427232929434	0.0015360983102918587
Closure/Closure_32	[2, 6, 7, 10]	0.3394209956709957	0.3333333333333333
Closure/Closure_34	[0, 1, 4, 14, 22, 55, 85, 88, 91]	0.38447887826672444	1.0
Closure/Closure_35	[1, 200, 234]	0.17423873540100912	0.5
Closure/Closure_36	[333, 942]	0.002557451375086519	0.0029940119760479044
Closure/Closure_37	[423, 549]	0.0029974271012006863	0.0023584905660377358
Closure/Closure_38	[29, 39, 40]	0.0521680216802168	0.03333333333333333
Closure/Closure_39	[1]	0.5	0.5
Closure/Closure_40	[5, 46, 54, 297, 329]	0.058467929328988866	0.16666666666666666
Closure/Closure_41	[187, 207, 209, 243, 762]	0.010433354081559059	0.005319148936170213
Closure/Closure_42	[4, 5]	0.26666666666666666	0.2
Closure/Closure_43	[308, 388, 451, 525]	0.005654841252183815	0.003236245954692557
Closure/Closure_44	[79]	0.0125	0.0125
Closure/Closure_45	[36, 38, 39, 86]	0.049821522450832795	0.02702702702702703
Closure/Closure_46	[6, 8, 9, 13, 32]	0.22046176046176047	0.14285714285714285
Closure/Closure_47	[305]	0.0032679738562091504	0.0032679738562091504
Closure/Closure_48	[11, 67, 189, 251, 325]	0.0319490021818651	0.08333333333333333
Closure/Closure_49	[713, 868, 897, 957, 1070, 1073]	0.003578884173052735	0.0014005602240896359
Closure/Closure_50	[15, 16]	0.0900735294117647	0.0625
Closure/Closure_51	[38]	0.02564102564102564	0.02564102564102564
Closure/Closure_52	[1, 8]	0.3611111111111111	0.5
Closure/Closure_53	[5, 16]	0.14215686274509803	0.16666666666666666
Closure/Closure_54	[18, 27, 146, 2261, 2623, 2682]	0.02506307511472471	0.05263157894736842
Closure/Closure_55	[147]	0.006756756756756757	0.006756756756756757
Closure/Closure_56	[5, 8]	0.19444444444444442	0.16666666666666666
Closure/Closure_57	[3]	0.25	0.25
Closure/Closure_58	[63, 65]	0.022964015151515152	0.015625
Closure/Closure_59	[1288]	7.757951900698216E-4	7.757951900698216E-4
Closure/Closure_60	[90]	0.01098901098901099	0.01098901098901099
Closure/Closure_61	[1]	0.5	0.5
Closure/Closure_62	[0, 1, 2, 4, 5, 11]	0.8555555555555555	1.0
Closure/Closure_65	[0]	1.0	1.0
Closure/Closure_66	[216]	0.004608294930875576	0.004608294930875576
Closure/Closure_67	[122, 206]	0.00889595852480264	0.008130081300813009
Closure/Closure_68	[0, 38]	0.5256410256410257	1.0
Closure/Closure_69	[96, 162, 189, 208, 238]	0.01568558975158884	0.010309278350515464
Closure/Closure_70	[239, 307, 382]	0.0061643571108323065	0.004166666666666667
Closure/Closure_71	[7, 26, 29, 38]	0.10040954415954415	0.125
Closure/Closure_72	[105, 125, 126]	0.0163096751270871	0.009433962264150943
Closure/Closure_73	[12]	0.07692307692307693	0.07692307692307693
Closure/Closure_74	[2, 5, 6, 27]	0.3095238095238095	0.3333333333333333
Closure/Closure_75	[35]	0.027777777777777776	0.027777777777777776
Closure/Closure_76	[14, 15, 22, 23, 26, 32, 35, 37]	0.15759278039741426	0.06666666666666667
Closure/Closure_77	[0]	1.0	1.0
Closure/Closure_78	[0]	1.0	1.0
Closure/Closure_79	[35]	0.027777777777777776	0.027777777777777776
Closure/Closure_81	[14, 16, 18]	0.11406948744410045	0.06666666666666667
Closure/Closure_84	[24]	0.04	0.04
Closure/Closure_85	[2, 32, 33, 53, 107, 166]	0.10641220035666436	0.3333333333333333
Closure/Closure_87	[65, 83]	0.01948051948051948	0.015151515151515152
Closure/Closure_88	[19, 20, 26]	0.08544973544973544	0.05
Closure/Closure_89	[46, 64, 98]	0.027449618938980642	0.02127659574468085
Closure/Closure_90	[6, 7, 1024]	0.13192799070847852	0.14285714285714285
Closure/Closure_91	[611]	0.0016339869281045752	0.0016339869281045752
Closure/Closure_92	[0, 11]	0.5833333333333334	1.0
Closure/Closure_94	[14, 21]	0.0787878787878788	0.06666666666666667
Closure/Closure_95	[404, 729, 738, 1004]	0.0033121253127907898	0.0024691358024691358
Closure/Closure_96	[179, 180, 181]	0.011029598598659374	0.005555555555555556
Closure/Closure_97	[19, 20, 23]	0.09007936507936508	0.05
Closure/Closure_98	[1020, 1021]	0.0014681895459537578	9.794319294809011E-4
Closure/Closure_99	[27, 195]	0.022959183673469385	0.03571428571428571
Closure/Closure_100	[99, 205]	0.009854368932038834	0.01
Closure/Closure_103	[3, 13, 304]	0.1342310694769711	0.25
Closure/Closure_104	[3]	0.25	0.25
Closure/Closure_105	[585]	0.0017064846416382253	0.0017064846416382253
Closure/Closure_106	[71, 281]	0.010490543735224586	0.013888888888888888
Closure/Closure_107	[334]	0.0029850746268656717	0.0029850746268656717
Closure/Closure_108	[7, 30, 57, 125, 143, 173]	0.057031879925372696	0.125
Closure/Closure_109	[11]	0.08333333333333333	0.08333333333333333
Closure/Closure_110	[0, 1, 2, 3]	1.0	1.0
Closure/Closure_112	[60, 67, 81, 924]	0.021678724376704008	0.01639344262295082
Closure/Closure_113	[5, 6]	0.22619047619047616	0.16666666666666666
Closure/Closure_114	[129, 142]	0.010839160839160839	0.007692307692307693
Closure/Closure_115	[11, 14, 15, 67, 185]	0.09797438330170778	0.08333333333333333
Closure/Closure_116	[8, 14, 98]	0.09158249158249158	0.1111111111111111
Closure/Closure_117	[3]	0.25	0.25
Closure/Closure_118	[37]	0.02631578947368421	0.02631578947368421
Closure/Closure_120	[136]	0.0072992700729927005	0.0072992700729927005
Closure/Closure_121	[14, 169, 233, 242]	0.026928197679831664	0.06666666666666667
Closure/Closure_122	[0]	1.0	1.0
Closure/Closure_123	[19, 65]	0.04015151515151515	0.05
Closure/Closure_124	[3]	0.25	0.25
Closure/Closure_125	[124]	0.008	0.008
Closure/Closure_126	[0, 2, 87, 89, 147, 173]	0.3022447604344156	1.0
Closure/Closure_127	[101, 102, 257]	0.013616434757842326	0.00980392156862745
Closure/Closure_128	[2, 5]	0.3333333333333333	0.3333333333333333
Closure/Closure_129	[1850]	5.402485143165856E-4	5.402485143165856E-4
Closure/Closure_130	[176]	0.005649717514124294	0.005649717514124294
Closure/Closure_131	[40, 57, 75]	0.03278222891121833	0.024390243902439025
Closure/Closure_132	[0, 1, 4, 24]	0.6900000000000001	1.0
Closure/Closure_133	[75]	0.013157894736842105	0.013157894736842105
MAP	0.15793013509149284
MRR	0.1957518398904733
TOP-n	13	19	24	30	31	36	38	41	42	42	43	46	47	47	52	53	53	53	54	57	
