Math/Math_1	[2, 5, 6, 25, 33, 60]	0.24908395472522762	0.3333333333333333
Math/Math_3	[3, 4, 16]	0.2754901960784314	0.25
Math/Math_4	[29, 30]	0.048924731182795694	0.03333333333333333
Math/Math_5	[1]	0.5	0.5
Math/Math_6	[334, 500, 564, 613, 670, 741, 938, 955, 971, 973, 995, 1081, 1100, 1101, 1141, 1265, 1340, 1438, 1479, 1492, 1504]	0.009880041007132186	0.0029850746268656717
Math/Math_7	[42, 60, 62, 65, 79, 126, 129, 135, 155, 157, 158, 173, 202, 214, 394]	0.054196220717531496	0.023255813953488372
Math/Math_8	[1, 3]	0.5	0.5
Math/Math_9	[1, 2]	0.5833333333333333	0.5
Math/Math_10	[10, 11, 23, 32, 34]	0.12932900432900435	0.09090909090909091
Math/Math_11	[25, 79, 86]	0.03264809902740937	0.038461538461538464
Math/Math_13	[71]	0.013888888888888888	0.013888888888888888
Math/Math_14	[22, 95]	0.03215579710144927	0.043478260869565216
Math/Math_15	[5]	0.16666666666666666	0.16666666666666666
Math/Math_16	[0, 253]	0.5039370078740157	1.0
Math/Math_17	[11]	0.08333333333333333	0.08333333333333333
Math/Math_18	[22, 24, 25, 26, 35, 40, 83, 105]	0.10388080101904909	0.043478260869565216
Math/Math_19	[5, 34, 41, 62]	0.08968253968253967	0.16666666666666666
Math/Math_20	[387]	0.002577319587628866	0.002577319587628866
Math/Math_21	[0, 4, 20, 33, 34, 38, 40, 42, 43, 44, 46, 63, 69, 70, 72, 73, 74, 103, 105]	0.23925673013828522	1.0
Math/Math_23	[81, 89, 147]	0.01822920481457067	0.012195121951219513
Math/Math_24	[83, 87, 147]	0.0183007683007683	0.011904761904761904
Math/Math_25	[3]	0.25	0.25
Math/Math_26	[11, 12, 13, 25]	0.15132783882783882	0.08333333333333333
Math/Math_28	[9]	0.1	0.1
Math/Math_29	[23, 38, 87, 105, 106, 107]	0.04451000060240053	0.041666666666666664
Math/Math_30	[24, 63]	0.035625000000000004	0.04
Math/Math_31	[80, 88, 89, 103, 116, 119, 122, 133, 138, 145, 149, 151]	0.05012346826464922	0.012345679012345678
Math/Math_32	[33]	0.029411764705882353	0.029411764705882353
Math/Math_33	[37, 38]	0.038798920377867745	0.02631578947368421
Math/Math_34	[5]	0.16666666666666666	0.16666666666666666
Math/Math_35	[3, 6]	0.26785714285714285	0.25
Math/Math_36	[0, 1, 4, 9]	0.75	1.0
Math/Math_37	[1, 10]	0.34090909090909094	0.5
Math/Math_38	[0, 7, 8, 14, 16, 22, 28, 30, 37, 38, 48]	0.32928847239471415	1.0
Math/Math_39	[29, 41, 146]	0.03378684807256235	0.03333333333333333
Math/Math_40	[8, 23, 24, 53, 61]	0.09383273596176821	0.1111111111111111
Math/Math_41	[24, 27, 44, 45, 46]	0.07428694771155456	0.04
Math/Math_42	[33, 77, 110]	0.027359939124645006	0.029411764705882353
Math/Math_43	[53]	0.018518518518518517	0.018518518518518517
Math/Math_44	[60, 79, 123, 128, 141, 221, 261]	0.026507227833228758	0.01639344262295082
Math/Math_45	[0, 2]	0.8333333333333333	1.0
Math/Math_46	[5]	0.16666666666666666	0.16666666666666666
Math/Math_47	[7, 8, 39, 43]	0.12828282828282828	0.125
Math/Math_48	[38, 130]	0.02045410060677236	0.02564102564102564
Math/Math_49	[17, 20, 26]	0.08730158730158728	0.05555555555555555
Math/Math_50	[13, 14, 15, 16, 17, 25]	0.1893505051593287	0.07142857142857142
Math/Math_51	[32, 33, 34, 35, 53, 54]	0.08127257637061559	0.030303030303030304
Math/Math_52	[1, 2, 5]	0.5555555555555555	0.5
Math/Math_53	[0, 1]	1.0	1.0
Math/Math_54	[6]	0.14285714285714285	0.14285714285714285
Math/Math_55	[0, 1, 2]	1.0	1.0
Math/Math_56	[0, 2, 3, 4, 5, 7]	0.7999999999999999	1.0
Math/Math_57	[0]	1.0	1.0
Math/Math_58	[452]	0.002207505518763797	0.002207505518763797
Math/Math_59	[13, 73]	0.04922779922779923	0.07142857142857142
Math/Math_60	[46, 47, 55]	0.03883823032759203	0.02127659574468085
Math/Math_61	[48]	0.02040816326530612	0.02040816326530612
Math/Math_62	[24, 25, 48, 49, 66, 67, 68, 102, 107, 108, 111, 112]	0.08163452778019877	0.04
Math/Math_63	[0, 5]	0.6666666666666666	1.0
Math/Math_64	[54, 72, 73, 74, 77, 82, 93, 107, 116, 125, 127, 128, 136, 137]	0.0682839664751804	0.01818181818181818
Math/Math_65	[32, 33, 38, 39, 43, 58, 110, 161]	0.07422833683011483	0.030303030303030304
Math/Math_66	[64, 65, 66, 67, 68, 104, 122, 138, 144, 145, 149, 151, 159]	0.05826548181984438	0.015384615384615385
Math/Math_67	[0]	1.0	1.0
Math/Math_68	[76]	0.012987012987012988	0.012987012987012988
Math/Math_69	[0, 1, 48, 84, 94]	0.4321829784545397	1.0
Math/Math_70	[0, 1]	1.0	1.0
Math/Math_71	[36, 66, 70, 72, 118, 123, 160, 219, 221, 224, 226]	0.04160134095138131	0.02702702702702703
Math/Math_72	[0, 4, 7]	0.5916666666666667	1.0
Math/Math_73	[0, 2, 4, 7]	0.6916666666666667	1.0
Math/Math_74	[570, 609, 627, 628]	0.0040415931375864505	0.0017513134851138354
Math/Math_75	[0]	1.0	1.0
Math/Math_76	[29, 65, 67, 68, 111, 117, 212, 241, 305, 307, 310]	0.03858055573235211	0.03333333333333333
Math/Math_77	[18, 19, 29, 36, 37]	0.09846372688477951	0.05263157894736842
Math/Math_78	[0, 2, 13, 18, 20]	0.4659147869674185	1.0
Math/Math_79	[11, 14, 33]	0.10163398692810459	0.08333333333333333
Math/Math_80	[0, 25]	0.5384615384615384	1.0
Math/Math_81	[115, 121, 126, 140]	0.019251243462114716	0.008620689655172414
Math/Math_82	[22, 110]	0.030748139443791615	0.043478260869565216
Math/Math_83	[4, 18, 53, 59]	0.10687134502923976	0.2
Math/Math_84	[41, 43]	0.03463203463203463	0.023809523809523808
Math/Math_85	[18, 21]	0.07177033492822966	0.05263157894736842
Math/Math_86	[42, 72, 115]	0.025505047730992738	0.023255813953488372
Math/Math_87	[90, 167, 172, 173]	0.015805829775831767	0.01098901098901099
Math/Math_88	[7, 9, 11, 12]	0.22067307692307692	0.125
Math/Math_89	[0]	1.0	1.0
Math/Math_90	[0]	1.0	1.0
Math/Math_91	[0, 1, 2]	1.0	1.0
Math/Math_92	[2, 4, 5, 7, 8, 13, 14]	0.45487528344671196	0.3333333333333333
Math/Math_93	[0, 1, 5, 6]	0.7678571428571428	1.0
Math/Math_94	[0, 1]	1.0	1.0
Math/Math_95	[55]	0.017857142857142856	0.017857142857142856
Math/Math_96	[0, 3, 4]	0.7000000000000001	1.0
Math/Math_97	[0, 1, 4, 7, 10, 11, 16]	0.638044308632544	1.0
Math/Math_98	[0, 4, 10, 20]	0.46580086580086577	1.0
Math/Math_99	[0, 1, 4, 10, 11]	0.676060606060606	1.0
Math/Math_100	[6, 11]	0.15476190476190477	0.14285714285714285
Math/Math_101	[0, 2, 11]	0.6388888888888888	1.0
Math/Math_102	[0, 5, 6, 7, 8]	0.5634920634920635	1.0
Math/Math_103	[33, 34]	0.04327731092436975	0.029411764705882353
Math/Math_105	[4]	0.2	0.2
Math/Math_106	[1, 4, 5, 6, 8, 11, 13]	0.5038548752834467	0.5
MAP	0.2961947375589201
MRR	0.3645933236522369
TOP-n	29	35	37	40	42	46	48	50	51	52	53	56	56	58	58	58	58	59	61	61	
