Math/Math_1	[2, 5, 6, 26, 34, 65]	0.2461920795254128	0.3333333333333333
Math/Math_3	[3, 4, 16]	0.2754901960784314	0.25
Math/Math_4	[35, 36]	0.04091591591591592	0.027777777777777776
Math/Math_5	[1]	0.5	0.5
Math/Math_6	[347, 512, 573, 617, 674, 763, 935, 955, 972, 981, 992, 1081, 1094, 1095, 1228, 1297, 1333, 1432, 1453, 1470, 1508]	0.009821063175979586	0.0028735632183908046
Math/Math_7	[51, 66, 71, 83, 110, 123, 139, 144, 164, 165, 172, 173, 212, 225, 369]	0.049855189540920844	0.019230769230769232
Math/Math_8	[1, 3]	0.5	0.5
Math/Math_9	[1, 2]	0.5833333333333333	0.5
Math/Math_10	[10, 11, 29, 36, 44]	0.11535899535899534	0.09090909090909091
Math/Math_11	[24, 77, 85]	0.033508248857086066	0.04
Math/Math_13	[71]	0.013888888888888888	0.013888888888888888
Math/Math_14	[27, 95]	0.02827380952380952	0.03571428571428571
Math/Math_15	[5]	0.16666666666666666	0.16666666666666666
Math/Math_16	[0, 253]	0.5039370078740157	1.0
Math/Math_17	[11]	0.08333333333333333	0.08333333333333333
Math/Math_18	[25, 27, 28, 29, 50, 56, 113, 123]	0.08448671630883892	0.038461538461538464
Math/Math_19	[4, 33, 35, 54]	0.1037210338680927	0.2
Math/Math_20	[381]	0.002617801047120419	0.002617801047120419
Math/Math_21	[0, 6, 30, 40, 41, 58, 59, 60, 61, 62, 64, 71, 72, 92, 93, 94, 95, 103, 105]	0.1986534720057877	1.0
Math/Math_23	[76, 82, 148]	0.019072542239033707	0.012987012987012988
Math/Math_24	[76, 80, 145]	0.0194087720723946	0.012987012987012988
Math/Math_25	[3]	0.25	0.25
Math/Math_26	[11, 12, 13, 24]	0.15286630036630036	0.08333333333333333
Math/Math_28	[9]	0.1	0.1
Math/Math_29	[26, 40, 87, 104, 105, 106]	0.043541374950659524	0.037037037037037035
Math/Math_30	[26, 73]	0.03203203203203203	0.037037037037037035
Math/Math_31	[67, 68, 73, 85, 90, 120, 129, 136, 143, 150, 152, 153]	0.05217153105025691	0.014705882352941176
Math/Math_32	[50]	0.0196078431372549	0.0196078431372549
Math/Math_33	[38, 41]	0.036630036630036625	0.02564102564102564
Math/Math_34	[5]	0.16666666666666666	0.16666666666666666
Math/Math_35	[3, 6]	0.26785714285714285	0.25
Math/Math_36	[0, 1, 4, 9]	0.75	1.0
Math/Math_37	[20, 44]	0.046031746031746035	0.047619047619047616
Math/Math_38	[1, 9, 10, 14, 15, 18, 25, 28, 38, 39, 54]	0.2812314074585152	0.5
Math/Math_39	[30, 46, 152]	0.03147303304758188	0.03225806451612903
Math/Math_40	[10, 29, 31, 39, 41]	0.09407467532467532	0.09090909090909091
Math/Math_41	[35, 36, 47, 48, 49]	0.06519289697861126	0.027777777777777776
Math/Math_42	[38, 83, 112]	0.025333074005640378	0.02564102564102564
Math/Math_43	[50]	0.0196078431372549	0.0196078431372549
Math/Math_44	[70, 96, 121, 147, 175, 260, 285]	0.023170482262354217	0.014084507042253521
Math/Math_45	[0, 2]	0.8333333333333333	1.0
Math/Math_46	[5]	0.16666666666666666	0.16666666666666666
Math/Math_47	[7, 8, 29, 30]	0.14406362007168458	0.125
Math/Math_48	[15, 72]	0.0449486301369863	0.0625
Math/Math_49	[18, 21, 37]	0.07416267942583732	0.05263157894736842
Math/Math_50	[13, 14, 15, 19, 21, 22]	0.18006736620867056	0.07142857142857142
Math/Math_51	[31, 32, 33, 34, 53, 54]	0.08267676178215393	0.03125
Math/Math_52	[3, 4, 8]	0.3277777777777778	0.25
Math/Math_53	[0, 1]	1.0	1.0
Math/Math_54	[6]	0.14285714285714285	0.14285714285714285
Math/Math_55	[3, 4, 5]	0.3833333333333333	0.25
Math/Math_56	[0, 2, 3, 4, 5, 7]	0.7999999999999999	1.0
Math/Math_57	[0]	1.0	1.0
Math/Math_58	[453]	0.0022026431718061676	0.0022026431718061676
Math/Math_59	[61, 161]	0.014237355635205097	0.016129032258064516
Math/Math_60	[52, 53, 62]	0.03450800306146218	0.018867924528301886
Math/Math_61	[62]	0.015873015873015872	0.015873015873015872
Math/Math_62	[23, 25, 48, 49, 66, 67, 68, 102, 107, 108, 111, 112]	0.08177341666908766	0.041666666666666664
Math/Math_63	[0, 5]	0.6666666666666666	1.0
Math/Math_64	[53, 72, 73, 74, 77, 82, 94, 104, 117, 125, 127, 128, 135, 136]	0.06845936414628238	0.018518518518518517
Math/Math_65	[25, 26, 47, 48, 57, 78, 89, 162]	0.0682102577020217	0.038461538461538464
Math/Math_66	[83, 84, 85, 86, 87, 105, 120, 136, 144, 145, 149, 151, 158]	0.05465892969202083	0.011904761904761904
Math/Math_67	[1]	0.5	0.5
Math/Math_68	[76]	0.012987012987012988	0.012987012987012988
Math/Math_69	[0, 1, 85, 87, 94]	0.4265939690664293	1.0
Math/Math_70	[0, 1]	1.0	1.0
Math/Math_71	[33, 64, 81, 86, 121, 137, 182, 222, 224, 227, 228]	0.039384148132062945	0.029411764705882353
Math/Math_72	[0, 5, 7]	0.5694444444444444	1.0
Math/Math_73	[0, 2, 4, 7]	0.6916666666666667	1.0
Math/Math_74	[572, 609, 623, 627]	0.004050252070488777	0.0017452006980802793
Math/Math_75	[0]	1.0	1.0
Math/Math_76	[36, 88, 94, 97, 138, 142, 177, 256, 304, 307, 309]	0.03343066577641094	0.02702702702702703
Math/Math_77	[26, 27, 29, 49, 50]	0.0773009648303766	0.037037037037037035
Math/Math_78	[0, 2, 12, 15, 22]	0.4729654403567447	1.0
Math/Math_79	[11, 14, 33]	0.10163398692810459	0.08333333333333333
Math/Math_80	[9, 24]	0.09	0.1
Math/Math_81	[113, 118, 129, 139]	0.01930675104049717	0.008771929824561403
Math/Math_82	[15, 108]	0.040424311926605505	0.0625
Math/Math_83	[4, 21, 43, 57]	0.10701410658307209	0.2
Math/Math_84	[39, 42]	0.03575581395348837	0.025
Math/Math_85	[19, 21]	0.07045454545454546	0.05
Math/Math_86	[36, 80, 152]	0.02377540939632443	0.02702702702702703
Math/Math_87	[89, 167, 172, 173]	0.015836354806356798	0.011111111111111112
Math/Math_88	[8, 10, 11, 13]	0.20716089466089466	0.1111111111111111
Math/Math_89	[0]	1.0	1.0
Math/Math_90	[0]	1.0	1.0
Math/Math_91	[0, 1, 2]	1.0	1.0
Math/Math_92	[2, 4, 5, 7, 8, 13, 14]	0.45487528344671196	0.3333333333333333
Math/Math_93	[0, 1, 5, 6]	0.7678571428571428	1.0
Math/Math_94	[0, 1]	1.0	1.0
Math/Math_95	[55]	0.017857142857142856	0.017857142857142856
Math/Math_96	[0, 3, 4]	0.7000000000000001	1.0
Math/Math_97	[0, 1, 4, 7, 10, 11, 16]	0.638044308632544	1.0
Math/Math_98	[0, 4, 10, 23]	0.45984848484848484	1.0
Math/Math_99	[0, 1, 4, 10, 11]	0.676060606060606	1.0
Math/Math_100	[6, 11]	0.15476190476190477	0.14285714285714285
Math/Math_101	[0, 2, 11]	0.6388888888888888	1.0
Math/Math_102	[0, 6, 7, 8, 9]	0.5210317460317461	1.0
Math/Math_103	[33, 34]	0.04327731092436975	0.029411764705882353
Math/Math_105	[4]	0.2	0.2
Math/Math_106	[1, 5, 6, 7, 8, 11, 13]	0.47392290249433106	0.5
MAP	0.272357540362835
MRR	0.33068502233961594
TOP-n	25	31	33	38	41	44	46	47	48	50	52	55	55	56	56	58	58	58	59	60	
