Math/Math_1	[2, 5, 6, 25, 33, 64]	0.2480751274868922	0.3333333333333333
Math/Math_3	[3, 4, 16]	0.2754901960784314	0.25
Math/Math_4	[29, 30]	0.048924731182795694	0.03333333333333333
Math/Math_5	[1]	0.5	0.5
Math/Math_6	[338, 502, 567, 616, 671, 762, 937, 955, 971, 976, 994, 1080, 1101, 1102, 1181, 1271, 1339, 1438, 1468, 1490, 1504]	0.009844352312278678	0.0029498525073746312
Math/Math_7	[43, 60, 63, 64, 84, 126, 136, 137, 157, 160, 161, 173, 206, 216, 388]	0.05339201329958175	0.022727272727272728
Math/Math_8	[1, 3]	0.5	0.5
Math/Math_9	[1, 2]	0.5833333333333333	0.5
Math/Math_10	[10, 11, 24, 32, 34]	0.12832900432900432	0.09090909090909091
Math/Math_11	[25, 79, 87]	0.032517482517482516	0.038461538461538464
Math/Math_13	[71]	0.013888888888888888	0.013888888888888888
Math/Math_14	[22, 95]	0.03215579710144927	0.043478260869565216
Math/Math_15	[5]	0.16666666666666666	0.16666666666666666
Math/Math_16	[0, 253]	0.5039370078740157	1.0
Math/Math_17	[11]	0.08333333333333333	0.08333333333333333
Math/Math_18	[22, 24, 25, 26, 39, 44, 90, 112]	0.09913298685446627	0.043478260869565216
Math/Math_19	[5, 34, 38, 61]	0.0913121824412147	0.16666666666666666
Math/Math_20	[385]	0.0025906735751295338	0.0025906735751295338
Math/Math_21	[0, 4, 20, 35, 36, 40, 41, 42, 43, 46, 48, 67, 70, 71, 72, 74, 75, 103, 105]	0.23572589815592085	1.0
Math/Math_23	[75, 88, 147]	0.01863335837315731	0.013157894736842105
Math/Math_24	[78, 87, 146]	0.018597887946893373	0.012658227848101266
Math/Math_25	[3]	0.25	0.25
Math/Math_26	[11, 12, 13, 25]	0.15132783882783882	0.08333333333333333
Math/Math_28	[9]	0.1	0.1
Math/Math_29	[23, 38, 87, 105, 106, 107]	0.04451000060240053	0.041666666666666664
Math/Math_30	[24, 63]	0.035625000000000004	0.04
Math/Math_31	[73, 85, 86, 93, 116, 119, 125, 133, 140, 148, 150, 151]	0.05037802501158308	0.013513513513513514
Math/Math_32	[34]	0.02857142857142857	0.02857142857142857
Math/Math_33	[36, 38]	0.039154539154539154	0.02702702702702703
Math/Math_34	[5]	0.16666666666666666	0.16666666666666666
Math/Math_35	[3, 6]	0.26785714285714285	0.25
Math/Math_36	[0, 1, 4, 9]	0.75	1.0
Math/Math_37	[2, 11]	0.25	0.3333333333333333
Math/Math_38	[0, 7, 8, 14, 16, 22, 26, 31, 36, 37, 49]	0.33096796450141447	1.0
Math/Math_39	[30, 42, 147]	0.03301332089779201	0.03225806451612903
Math/Math_40	[10, 23, 24, 39, 55]	0.09670562770562771	0.09090909090909091
Math/Math_41	[27, 29, 46, 47, 48]	0.07031697785497178	0.03571428571428571
Math/Math_42	[35, 79, 110]	0.026601601601601604	0.027777777777777776
Math/Math_43	[53]	0.018518518518518517	0.018518518518518517
Math/Math_44	[60, 82, 123, 137, 142, 219, 278]	0.025856607395874618	0.01639344262295082
Math/Math_45	[0, 2]	0.8333333333333333	1.0
Math/Math_46	[5]	0.16666666666666666	0.16666666666666666
Math/Math_47	[7, 8, 35, 37]	0.13395467836257308	0.125
Math/Math_48	[38, 73]	0.026334026334026334	0.02564102564102564
Math/Math_49	[18, 20, 26]	0.08632692843219159	0.05263157894736842
Math/Math_50	[13, 14, 15, 16, 17, 25]	0.1893505051593287	0.07142857142857142
Math/Math_51	[32, 33, 34, 35, 53, 54]	0.08127257637061559	0.030303030303030304
Math/Math_52	[1, 2, 6]	0.5317460317460317	0.5
Math/Math_53	[0, 1]	1.0	1.0
Math/Math_54	[6]	0.14285714285714285	0.14285714285714285
Math/Math_55	[0, 1, 2]	1.0	1.0
Math/Math_56	[0, 2, 3, 4, 5, 7]	0.7999999999999999	1.0
Math/Math_57	[0]	1.0	1.0
Math/Math_58	[454]	0.002197802197802198	0.002197802197802198
Math/Math_59	[23, 83]	0.03273809523809523	0.041666666666666664
Math/Math_60	[49, 50, 56]	0.03728242174062608	0.02
Math/Math_61	[54]	0.01818181818181818	0.01818181818181818
Math/Math_62	[23, 25, 48, 49, 66, 67, 68, 102, 107, 108, 111, 112]	0.08177341666908766	0.041666666666666664
Math/Math_63	[0, 5]	0.6666666666666666	1.0
Math/Math_64	[54, 72, 73, 74, 77, 82, 93, 107, 116, 125, 127, 128, 136, 137]	0.0682839664751804	0.01818181818181818
Math/Math_65	[29, 30, 38, 39, 44, 58, 109, 161]	0.07507470566747038	0.03333333333333333
Math/Math_66	[67, 68, 69, 70, 71, 104, 121, 137, 144, 145, 149, 151, 159]	0.057608826449416686	0.014705882352941176
Math/Math_67	[1]	0.5	0.5
Math/Math_68	[76]	0.012987012987012988	0.012987012987012988
Math/Math_69	[0, 1, 53, 85, 94]	0.43093975248198013	1.0
Math/Math_70	[0, 1]	1.0	1.0
Math/Math_71	[35, 64, 71, 72, 119, 125, 169, 221, 222, 225, 226]	0.04132464531423455	0.027777777777777776
Math/Math_72	[0, 4, 7]	0.5916666666666667	1.0
Math/Math_73	[0, 2, 4, 7]	0.6916666666666667	1.0
Math/Math_74	[570, 609, 627, 628]	0.0040415931375864505	0.0017513134851138354
Math/Math_75	[0]	1.0	1.0
Math/Math_76	[30, 71, 72, 79, 120, 126, 203, 250, 305, 307, 310]	0.03664849534418418	0.03225806451612903
Math/Math_77	[25, 26, 29, 37, 38]	0.08920077972709552	0.038461538461538464
Math/Math_78	[0, 2, 12, 18, 20]	0.4692114902641219	1.0
Math/Math_79	[11, 14, 33]	0.10163398692810459	0.08333333333333333
Math/Math_80	[3, 25]	0.16346153846153846	0.25
Math/Math_81	[118, 125, 128, 140]	0.018975246374320798	0.008403361344537815
Math/Math_82	[21, 109]	0.031818181818181815	0.045454545454545456
Math/Math_83	[4, 20, 53, 55]	0.10555555555555554	0.2
Math/Math_84	[41, 43]	0.03463203463203463	0.023809523809523808
Math/Math_85	[19, 21]	0.07045454545454546	0.05
Math/Math_86	[41, 72, 115]	0.02568961768300455	0.023809523809523808
Math/Math_87	[89, 167, 172, 173]	0.015836354806356798	0.011111111111111112
Math/Math_88	[8, 9, 11, 12]	0.2172008547008547	0.1111111111111111
Math/Math_89	[0]	1.0	1.0
Math/Math_90	[0]	1.0	1.0
Math/Math_91	[0, 1, 2]	1.0	1.0
Math/Math_92	[2, 4, 5, 7, 8, 13, 14]	0.45487528344671196	0.3333333333333333
Math/Math_93	[0, 1, 5, 6]	0.7678571428571428	1.0
Math/Math_94	[0, 1]	1.0	1.0
Math/Math_95	[55]	0.017857142857142856	0.017857142857142856
Math/Math_96	[0, 3, 4]	0.7000000000000001	1.0
Math/Math_97	[0, 1, 4, 7, 10, 11, 16]	0.638044308632544	1.0
Math/Math_98	[0, 4, 10, 22]	0.4616600790513834	1.0
Math/Math_99	[0, 1, 4, 10, 11]	0.676060606060606	1.0
Math/Math_100	[6, 11]	0.15476190476190477	0.14285714285714285
Math/Math_101	[0, 2, 11]	0.6388888888888888	1.0
Math/Math_102	[0, 5, 6, 7, 8]	0.5634920634920635	1.0
Math/Math_103	[33, 34]	0.04327731092436975	0.029411764705882353
Math/Math_105	[4]	0.2	0.2
Math/Math_106	[1, 5, 6, 7, 8, 11, 13]	0.47392290249433106	0.5
MAP	0.2857152915142331
MRR	0.34971788166610934
TOP-n	27	33	36	40	42	46	48	49	50	51	53	56	56	57	57	57	57	57	58	59	
