Math/Math_1	[2, 5, 6, 26, 34, 66]	0.24596593750822604	0.3333333333333333
Math/Math_3	[3, 4, 16]	0.2754901960784314	0.25
Math/Math_4	[35, 36]	0.04091591591591592	0.027777777777777776
Math/Math_5	[1]	0.5	0.5
Math/Math_6	[349, 512, 576, 615, 675, 765, 937, 955, 971, 987, 993, 1081, 1092, 1093, 1252, 1306, 1330, 1428, 1449, 1468, 1507]	0.009807759924606712	0.002857142857142857
Math/Math_7	[54, 67, 74, 88, 116, 120, 140, 146, 165, 166, 169, 179, 215, 227, 365]	0.0491312225340206	0.01818181818181818
Math/Math_8	[1, 3]	0.5	0.5
Math/Math_9	[1, 2]	0.5833333333333333	0.5
Math/Math_10	[10, 11, 32, 39, 55]	0.10755411255411255	0.09090909090909091
Math/Math_11	[19, 78, 85]	0.036733392208811694	0.05
Math/Math_13	[71]	0.013888888888888888	0.013888888888888888
Math/Math_14	[27, 95]	0.02827380952380952	0.03571428571428571
Math/Math_15	[5]	0.16666666666666666	0.16666666666666666
Math/Math_16	[0, 253]	0.5039370078740157	1.0
Math/Math_17	[11]	0.08333333333333333	0.08333333333333333
Math/Math_18	[28, 30, 31, 32, 66, 71, 114, 130]	0.07423243442218896	0.034482758620689655
Math/Math_19	[4, 26, 35, 55]	0.1072089947089947	0.2
Math/Math_20	[380]	0.0026246719160104987	0.0026246719160104987
Math/Math_21	[0, 10, 31, 43, 44, 58, 60, 61, 62, 63, 65, 72, 91, 92, 93, 94, 95, 103, 105]	0.1896036878455756	1.0
Math/Math_23	[77, 82, 148]	0.019017042183533655	0.01282051282051282
Math/Math_24	[76, 80, 145]	0.0194087720723946	0.012987012987012988
Math/Math_25	[3]	0.25	0.25
Math/Math_26	[11, 12, 13, 24]	0.15286630036630036	0.08333333333333333
Math/Math_28	[9]	0.1	0.1
Math/Math_29	[29, 40, 87, 104, 105, 106]	0.04292409100004225	0.03333333333333333
Math/Math_30	[26, 74]	0.03185185185185185	0.037037037037037035
Math/Math_31	[66, 67, 69, 78, 88, 123, 129, 137, 143, 150, 152, 154]	0.05268759814349861	0.014925373134328358
Math/Math_32	[51]	0.019230769230769232	0.019230769230769232
Math/Math_33	[40, 41]	0.03600464576074332	0.024390243902439025
Math/Math_34	[5]	0.16666666666666666	0.16666666666666666
Math/Math_35	[3, 6]	0.26785714285714285	0.25
Math/Math_36	[0, 1, 4, 9]	0.75	1.0
Math/Math_37	[26, 46]	0.03979511426319937	0.037037037037037035
Math/Math_38	[1, 9, 10, 13, 15, 18, 25, 28, 38, 39, 54]	0.28296300919011697	0.5
Math/Math_39	[33, 46, 153]	0.03048182522525451	0.029411764705882353
Math/Math_40	[11, 31, 32, 39, 41]	0.09115800865800865	0.08333333333333333
Math/Math_41	[35, 36, 47, 48, 49]	0.06519289697861126	0.027777777777777776
Math/Math_42	[39, 82, 113]	0.025137391671950962	0.025
Math/Math_43	[50]	0.0196078431372549	0.0196078431372549
Math/Math_44	[72, 98, 120, 150, 178, 265, 286]	0.022866242966808784	0.0136986301369863
Math/Math_45	[0, 2]	0.8333333333333333	1.0
Math/Math_46	[5]	0.16666666666666666	0.16666666666666666
Math/Math_47	[7, 8, 29, 30]	0.14406362007168458	0.125
Math/Math_48	[15, 72]	0.0449486301369863	0.0625
Math/Math_49	[19, 21, 38]	0.07261072261072261	0.05
Math/Math_50	[13, 14, 15, 19, 21, 22]	0.18006736620867056	0.07142857142857142
Math/Math_51	[31, 32, 33, 34, 53, 54]	0.08267676178215393	0.03125
Math/Math_52	[3, 4, 8]	0.3277777777777778	0.25
Math/Math_53	[0, 1]	1.0	1.0
Math/Math_54	[6]	0.14285714285714285	0.14285714285714285
Math/Math_55	[3, 4, 5]	0.3833333333333333	0.25
Math/Math_56	[0, 2, 3, 4, 5, 7]	0.7999999999999999	1.0
Math/Math_57	[0]	1.0	1.0
Math/Math_58	[452]	0.002207505518763797	0.002207505518763797
Math/Math_59	[63, 190]	0.013048102094240838	0.015625
Math/Math_60	[52, 53, 63]	0.034259987188446306	0.018867924528301886
Math/Math_61	[65]	0.015151515151515152	0.015151515151515152
Math/Math_62	[23, 25, 46, 49, 66, 67, 68, 102, 107, 108, 111, 112]	0.08199052478893133	0.041666666666666664
Math/Math_63	[0, 5]	0.6666666666666666	1.0
Math/Math_64	[53, 72, 73, 74, 77, 82, 96, 104, 117, 125, 127, 128, 135, 136]	0.06835084542680327	0.018518518518518517
Math/Math_65	[20, 21, 54, 55, 68, 79, 98, 162]	0.06646909474080052	0.047619047619047616
Math/Math_66	[84, 85, 86, 87, 88, 105, 120, 136, 144, 145, 149, 151, 157]	0.054546774769189316	0.011764705882352941
Math/Math_67	[1]	0.5	0.5
Math/Math_68	[76]	0.012987012987012988	0.012987012987012988
Math/Math_69	[0, 1, 85, 87, 95]	0.4264843199436223	1.0
Math/Math_70	[0, 1]	1.0	1.0
Math/Math_71	[32, 67, 81, 88, 121, 147, 186, 223, 225, 227, 228]	0.03887574194998988	0.030303030303030304
Math/Math_72	[0, 5, 7]	0.5694444444444444	1.0
Math/Math_73	[0, 2, 4, 7]	0.6916666666666667	1.0
Math/Math_74	[571, 609, 623, 624]	0.004058658145133555	0.0017482517482517483
Math/Math_75	[0]	1.0	1.0
Math/Math_76	[36, 90, 91, 97, 140, 142, 172, 257, 304, 307, 309]	0.03352535326308306	0.02702702702702703
Math/Math_77	[26, 27, 29, 49, 50]	0.0773009648303766	0.037037037037037035
Math/Math_78	[0, 2, 12, 15, 22]	0.4729654403567447	1.0
Math/Math_79	[11, 14, 33]	0.10163398692810459	0.08333333333333333
Math/Math_80	[9, 24]	0.09	0.1
Math/Math_81	[113, 118, 129, 136]	0.019463163970632726	0.008771929824561403
Math/Math_82	[14, 107]	0.04259259259259259	0.06666666666666667
Math/Math_83	[4, 26, 34, 59]	0.1066137566137566	0.2
Math/Math_84	[38, 42]	0.03607632677400119	0.02564102564102564
Math/Math_85	[19, 23]	0.06666666666666667	0.05
Math/Math_86	[36, 80, 154]	0.023691074587131933	0.02702702702702703
Math/Math_87	[89, 167, 172, 173]	0.015836354806356798	0.011111111111111112
Math/Math_88	[8, 10, 12, 13]	0.20235320235320234	0.1111111111111111
Math/Math_89	[0]	1.0	1.0
Math/Math_90	[0]	1.0	1.0
Math/Math_91	[0, 1, 2]	1.0	1.0
Math/Math_92	[2, 4, 5, 7, 8, 13, 14]	0.45487528344671196	0.3333333333333333
Math/Math_93	[0, 1, 5, 6]	0.7678571428571428	1.0
Math/Math_94	[0, 1]	1.0	1.0
Math/Math_95	[55]	0.017857142857142856	0.017857142857142856
Math/Math_96	[0, 3, 4]	0.7000000000000001	1.0
Math/Math_97	[0, 1, 4, 7, 10, 11, 16]	0.638044308632544	1.0
Math/Math_98	[0, 4, 10, 23]	0.45984848484848484	1.0
Math/Math_99	[0, 1, 4, 10, 11]	0.676060606060606	1.0
Math/Math_100	[6, 11]	0.15476190476190477	0.14285714285714285
Math/Math_101	[0, 2, 11]	0.6388888888888888	1.0
Math/Math_102	[0, 6, 7, 8, 9]	0.5210317460317461	1.0
Math/Math_103	[33, 34]	0.04327731092436975	0.029411764705882353
Math/Math_105	[4]	0.2	0.2
Math/Math_106	[1, 5, 6, 7, 8, 11, 13]	0.47392290249433106	0.5
MAP	0.271921845527409
MRR	0.3305713628631782
TOP-n	25	31	33	38	41	44	46	47	48	50	51	55	55	56	57	58	58	58	58	61	
