Time/Time_1	[0, 6, 7, 9]	0.5151785714285714	1.0
Time/Time_2	[10, 11, 17]	0.1414141414141414	0.09090909090909091
Time/Time_3	[10, 11, 12, 13, 14, 15]	0.24706543456543453	0.09090909090909091
Time/Time_4	[0, 6, 10, 15]	0.4521103896103896	1.0
Time/Time_5	[1, 3, 7, 13]	0.4151785714285714	0.5
Time/Time_6	[0, 2, 80, 116, 149]	0.35424501424501426	1.0
Time/Time_7	[1, 19, 20, 21]	0.2311688311688312	0.5
Time/Time_8	[0, 12, 204]	0.3894934333958724	1.0
Time/Time_9	[0, 3, 11]	0.5833333333333334	1.0
Time/Time_10	[74, 81, 126, 127]	0.023148906119966714	0.013333333333333334
Time/Time_11	[303]	0.003289473684210526	0.003289473684210526
Time/Time_12	[5, 6, 9, 10]	0.27900432900432903	0.16666666666666666
Time/Time_13	[0, 2, 7, 10]	0.6013257575757576	1.0
Time/Time_14	[19, 31, 40]	0.061890243902439024	0.05
Time/Time_15	[0, 1]	1.0	1.0
Time/Time_16	[10, 21, 23, 28]	0.11118730407523511	0.09090909090909091
Time/Time_17	[2, 3, 4, 7, 10]	0.47757575757575754	0.3333333333333333
Time/Time_18	[0, 4, 5, 6, 7, 8, 9, 10, 11]	0.660040885040885	1.0
Time/Time_19	[110]	0.009009009009009009	0.009009009009009009
Time/Time_20	[11, 14, 17, 18, 592]	0.12045827046537083	0.08333333333333333
Time/Time_22	[8]	0.1111111111111111	0.1111111111111111
Time/Time_23	[3]	0.25	0.25
Time/Time_24	[174, 190, 288, 304, 310]	0.011151607451300944	0.005714285714285714
Time/Time_25	[36, 38, 42]	0.049358840056514475	0.02702702702702703
Time/Time_26	[444, 459, 460, 461]	0.0054401544867726265	0.0022471910112359553
Time/Time_27	[195]	0.00510204081632653	0.00510204081632653
MAP	0.27339543888327483
MRR	0.3974190029910441
TOP-n	8	10	11	12	12	13	13	13	14	14	17	18	18	18	18	18	18	18	18	19	
