Time/Time_1	[2, 4, 8, 10]	0.35757575757575755	0.3333333333333333
Time/Time_2	[9, 12, 19]	0.1346153846153846	0.1
Time/Time_3	[16, 17, 18, 19, 20, 21]	0.17310864803124867	0.058823529411764705
Time/Time_4	[1, 2, 11, 15]	0.41666666666666663	0.5
Time/Time_5	[5, 13, 14, 16]	0.1862044817927171	0.16666666666666666
Time/Time_6	[0, 1, 94, 120, 153]	0.41942086621512453	1.0
Time/Time_7	[2, 21, 22, 23]	0.18033596837944663	0.3333333333333333
Time/Time_8	[0, 26, 201]	0.3629751864075296	1.0
Time/Time_9	[2, 5, 15]	0.2847222222222222	0.3333333333333333
Time/Time_10	[84, 89, 131, 132]	0.021697347200443175	0.011764705882352941
Time/Time_11	[298]	0.0033444816053511705	0.0033444816053511705
Time/Time_12	[15, 16, 27, 28]	0.10630523761228629	0.0625
Time/Time_13	[2, 5, 6, 8]	0.3849206349206349	0.3333333333333333
Time/Time_14	[47, 54, 61]	0.03519468882372108	0.020833333333333332
Time/Time_15	[0, 1]	1.0	1.0
Time/Time_16	[26, 41, 42, 56]	0.05614974127826025	0.037037037037037035
Time/Time_17	[7, 9, 10, 12, 13]	0.2525124875124875	0.125
Time/Time_18	[0, 4, 5, 6, 7, 8, 9, 10, 11]	0.660040885040885	1.0
Time/Time_19	[121]	0.00819672131147541	0.00819672131147541
Time/Time_20	[22, 23, 26, 27, 564]	0.07792588113865528	0.043478260869565216
Time/Time_22	[11]	0.08333333333333333	0.08333333333333333
Time/Time_23	[6]	0.14285714285714285	0.14285714285714285
Time/Time_24	[194, 202, 205, 235, 340]	0.012231087562740692	0.005128205128205128
Time/Time_25	[128, 132, 280]	0.01115522951769614	0.007751937984496124
Time/Time_26	[446, 458, 459, 460]	0.005448240914639298	0.0022371364653243847
Time/Time_27	[222]	0.004484304932735426	0.004484304932735426
MAP	0.20697779336417638
MRR	0.2583373126981584
TOP-n	4	5	9	9	9	10	11	12	12	13	13	14	14	14	14	15	16	16	16	16	
