Time/Time_1	[2, 4, 8, 10]	0.35757575757575755	0.3333333333333333
Time/Time_2	[10, 12, 17]	0.13714063714063715	0.09090909090909091
Time/Time_3	[16, 17, 18, 19, 20, 21]	0.17310864803124867	0.058823529411764705
Time/Time_4	[1, 2, 11, 15]	0.41666666666666663	0.5
Time/Time_5	[5, 10, 13, 15]	0.2031926406926407	0.16666666666666666
Time/Time_6	[0, 1, 84, 122, 158]	0.41985219674616286	1.0
Time/Time_7	[1, 21, 22, 23]	0.2220026350461133	0.5
Time/Time_8	[0, 23, 201]	0.36606160616061606	1.0
Time/Time_9	[1, 2, 15]	0.45138888888888884	0.5
Time/Time_10	[81, 86, 130, 131]	0.022096855340038718	0.012195121951219513
Time/Time_11	[302]	0.0033003300330033004	0.0033003300330033004
Time/Time_12	[5, 6, 21, 22]	0.1906644080557124	0.16666666666666666
Time/Time_13	[0, 5, 7, 8]	0.5381944444444444	1.0
Time/Time_14	[25, 50, 52]	0.0447603327736513	0.038461538461538464
Time/Time_15	[0, 1]	1.0	1.0
Time/Time_16	[25, 31, 32, 45]	0.06970678777743995	0.038461538461538464
Time/Time_17	[8, 9, 10, 11, 12]	0.2603574203574203	0.1111111111111111
Time/Time_18	[0, 4, 5, 6, 7, 8, 9, 10, 11]	0.660040885040885	1.0
Time/Time_19	[121]	0.00819672131147541	0.00819672131147541
Time/Time_20	[20, 22, 25, 26, 573]	0.08136382685693397	0.047619047619047616
Time/Time_22	[10]	0.09090909090909091	0.09090909090909091
Time/Time_23	[5]	0.16666666666666666	0.16666666666666666
Time/Time_24	[196, 205, 209, 232, 322]	0.012343570483402257	0.005076142131979695
Time/Time_25	[70, 76, 158]	0.01964215251486046	0.014084507042253521
Time/Time_26	[446, 461, 462, 463]	0.005416578022742452	0.0022371364653243847
Time/Time_27	[208]	0.004784688995215311	0.004784688995215311
MAP	0.22790132448198902
MRR	0.30228857415949945
TOP-n	5	8	9	9	9	12	12	12	13	13	15	15	15	15	15	15	16	16	16	16	
