Time/Time_1	[0, 6, 7, 9]	0.5151785714285714	1.0
Time/Time_2	[10, 11, 17]	0.1414141414141414	0.09090909090909091
Time/Time_3	[11, 12, 13, 14, 15, 16]	0.2305955074337427	0.08333333333333333
Time/Time_4	[0, 5, 10, 15]	0.4640151515151515	1.0
Time/Time_5	[1, 3, 8, 15]	0.3958333333333333	0.5
Time/Time_6	[0, 1, 80, 117, 150]	0.42080958498064797	1.0
Time/Time_7	[1, 20, 21, 22]	0.2263786937699981	0.5
Time/Time_8	[0, 12, 201]	0.38956587966488954	1.0
Time/Time_9	[0, 3, 13]	0.5714285714285714	1.0
Time/Time_10	[77, 83, 126, 127]	0.022875520968532778	0.01282051282051282
Time/Time_11	[302]	0.0033003300330033004	0.0033003300330033004
Time/Time_12	[5, 6, 9, 10]	0.27900432900432903	0.16666666666666666
Time/Time_13	[0, 2, 6, 10]	0.6147186147186147	1.0
Time/Time_14	[19, 32, 40]	0.061258930771125895	0.05
Time/Time_15	[0, 1]	1.0	1.0
Time/Time_16	[16, 22, 23, 30]	0.09995307730385282	0.058823529411764705
Time/Time_17	[7, 8, 9, 11, 12]	0.273034188034188	0.125
Time/Time_18	[0, 4, 5, 6, 7, 8, 9, 10, 11]	0.660040885040885	1.0
Time/Time_19	[110]	0.009009009009009009	0.009009009009009009
Time/Time_20	[14, 19, 22, 23, 589]	0.09444853844264307	0.06666666666666667
Time/Time_22	[7]	0.125	0.125
Time/Time_23	[3]	0.25	0.25
Time/Time_24	[182, 197, 286, 299, 309]	0.011096163647839751	0.00546448087431694
Time/Time_25	[40, 43, 47]	0.0441149297856615	0.024390243902439025
Time/Time_26	[445, 460, 461, 462]	0.005428340652273008	0.002242152466367713
Time/Time_27	[201]	0.0049504950495049506	0.0049504950495049506
MAP	0.26590203028578885
MRR	0.38763755812087203
TOP-n	8	10	10	11	11	12	12	14	14	14	15	16	16	16	17	17	18	18	18	19	
