Time/Time_1	[1, 6, 7, 10]	0.38108766233766234	0.5
Time/Time_2	[10, 11, 17]	0.1414141414141414	0.09090909090909091
Time/Time_3	[11, 12, 13, 14, 15, 16]	0.2305955074337427	0.08333333333333333
Time/Time_4	[1, 4, 10, 15]	0.3556818181818182	0.5
Time/Time_5	[1, 4, 9, 15]	0.3625	0.5
Time/Time_6	[0, 1, 82, 116, 151]	0.42064546986867846	1.0
Time/Time_7	[1, 20, 21, 22]	0.2263786937699981	0.5
Time/Time_8	[0, 12, 201]	0.38956587966488954	1.0
Time/Time_9	[0, 3, 13]	0.5714285714285714	1.0
Time/Time_10	[77, 83, 127, 128]	0.02276882214200528	0.01282051282051282
Time/Time_11	[302]	0.0033003300330033004	0.0033003300330033004
Time/Time_12	[5, 6, 9, 10]	0.27900432900432903	0.16666666666666666
Time/Time_13	[0, 3, 4, 10]	0.615909090909091	1.0
Time/Time_14	[19, 33, 40]	0.0606647537063606	0.05
Time/Time_15	[0, 1]	1.0	1.0
Time/Time_16	[16, 25, 26, 33]	0.09112619406737055	0.058823529411764705
Time/Time_17	[8, 9, 10, 11, 12]	0.2603574203574203	0.1111111111111111
Time/Time_18	[0, 4, 5, 6, 7, 8, 9, 10, 11]	0.660040885040885	1.0
Time/Time_19	[113]	0.008771929824561403	0.008771929824561403
Time/Time_20	[16, 19, 22, 23, 585]	0.09289148037906363	0.058823529411764705
Time/Time_22	[7]	0.125	0.125
Time/Time_23	[3]	0.25	0.25
Time/Time_24	[192, 202, 284, 285, 308]	0.011145424689595599	0.0051813471502590676
Time/Time_25	[43, 45, 55]	0.03992565405608884	0.022727272727272728
Time/Time_26	[444, 460, 461, 462]	0.005429600288490068	0.0022471910112359553
Time/Time_27	[204]	0.004878048780487805	0.004878048780487805
MAP	0.254250450283779
MRR	0.34825361127657933
TOP-n	6	10	10	11	11	12	12	13	14	14	15	16	16	16	16	16	18	18	18	19	
