Time/Time_1	[3, 4, 8, 10]	0.3367424242424243	0.25
Time/Time_2	[10, 14, 19]	0.12474747474747476	0.09090909090909091
Time/Time_3	[20, 21, 22, 23, 24, 25]	0.14439980309545528	0.047619047619047616
Time/Time_4	[1, 2, 11, 15]	0.41666666666666663	0.5
Time/Time_5	[6, 13, 15, 16]	0.17712710084033612	0.14285714285714285
Time/Time_6	[0, 3, 96, 117, 154]	0.31941684093048417	1.0
Time/Time_7	[2, 21, 22, 23]	0.18033596837944663	0.3333333333333333
Time/Time_8	[0, 30, 201]	0.35978920472692427	1.0
Time/Time_9	[7, 9, 15]	0.1708333333333333	0.125
Time/Time_10	[84, 90, 131, 132]	0.021636297139393114	0.011764705882352941
Time/Time_11	[295]	0.0033783783783783786	0.0033783783783783786
Time/Time_12	[17, 18, 28, 29]	0.09940008066142367	0.05555555555555555
Time/Time_13	[3, 5, 6, 8]	0.36408730158730157	0.25
Time/Time_14	[53, 54, 64]	0.03367866701200035	0.018518518518518517
Time/Time_15	[0, 1]	1.0	1.0
Time/Time_16	[37, 44, 45, 66]	0.04891977943994748	0.02631578947368421
Time/Time_17	[7, 10, 11, 12, 16]	0.23172562731386265	0.125
Time/Time_18	[0, 4, 5, 6, 7, 8, 9, 10, 11]	0.660040885040885	1.0
Time/Time_19	[123]	0.008064516129032258	0.008064516129032258
Time/Time_20	[22, 23, 26, 27, 560]	0.07793850082852641	0.043478260869565216
Time/Time_22	[11]	0.08333333333333333	0.08333333333333333
Time/Time_23	[6]	0.14285714285714285	0.14285714285714285
Time/Time_24	[192, 204, 209, 243, 346]	0.012005164704383415	0.0051813471502590676
Time/Time_25	[152, 161, 309]	0.00951968202653423	0.006535947712418301
Time/Time_26	[447, 460, 461, 462]	0.005425838249966794	0.002232142857142857
Time/Time_27	[223]	0.004464285714285714	0.004464285714285714
MAP	0.19371285759149778
MRR	0.24139994381347246
TOP-n	4	5	6	8	8	8	10	12	12	12	13	14	14	14	14	14	14	15	15	15	
