Time/Time_1	[2, 4, 8, 10]	0.35757575757575755	0.3333333333333333
Time/Time_2	[11, 12, 17]	0.1346153846153846	0.08333333333333333
Time/Time_3	[16, 17, 18, 19, 20, 21]	0.17310864803124867	0.058823529411764705
Time/Time_4	[1, 2, 11, 15]	0.41666666666666663	0.5
Time/Time_5	[5, 10, 13, 15]	0.2031926406926407	0.16666666666666666
Time/Time_6	[0, 1, 83, 122, 159]	0.41989692218350755	1.0
Time/Time_7	[1, 21, 22, 23]	0.2220026350461133	0.5
Time/Time_8	[0, 22, 201]	0.3672693356292151	1.0
Time/Time_9	[1, 2, 15]	0.45138888888888884	0.5
Time/Time_10	[80, 86, 129, 130]	0.02223636474535834	0.012345679012345678
Time/Time_11	[302]	0.0033003300330033004	0.0033003300330033004
Time/Time_12	[5, 6, 15, 16]	0.2187937675070028	0.16666666666666666
Time/Time_13	[0, 4, 7, 8]	0.554861111111111	1.0
Time/Time_14	[24, 47, 48]	0.04763038548752835	0.04
Time/Time_15	[0, 1]	1.0	1.0
Time/Time_16	[24, 30, 31, 40]	0.07395677616050354	0.04
Time/Time_17	[8, 9, 10, 11, 12]	0.2603574203574203	0.1111111111111111
Time/Time_18	[0, 4, 5, 6, 7, 8, 9, 10, 11]	0.660040885040885	1.0
Time/Time_19	[121]	0.00819672131147541	0.00819672131147541
Time/Time_20	[20, 22, 25, 26, 574]	0.08136079701297093	0.047619047619047616
Time/Time_22	[10]	0.09090909090909091	0.09090909090909091
Time/Time_23	[5]	0.16666666666666666	0.16666666666666666
Time/Time_24	[198, 203, 208, 234, 321]	0.012346468217743555	0.005025125628140704
Time/Time_25	[64, 71, 152]	0.020923412099882688	0.015384615384615385
Time/Time_26	[446, 460, 461, 462]	0.005427086652012176	0.0022371364653243847
Time/Time_27	[207]	0.004807692307692308	0.004807692307692308
MAP	0.22990507134422195
MRR	0.30217025945616455
TOP-n	5	8	9	9	9	12	12	12	13	13	14	15	15	15	15	15	16	16	16	16	
