Time/Time_1	[2, 4, 8, 10]	0.35757575757575755	0.3333333333333333
Time/Time_2	[9, 11, 19]	0.13888888888888887	0.1
Time/Time_3	[16, 17, 18, 19, 20, 21]	0.17310864803124867	0.058823529411764705
Time/Time_4	[1, 2, 11, 15]	0.41666666666666663	0.5
Time/Time_5	[5, 11, 13, 15]	0.1994047619047619	0.16666666666666666
Time/Time_6	[0, 1, 89, 123, 155]	0.41952853598014883	1.0
Time/Time_7	[1, 21, 22, 23]	0.2220026350461133	0.5
Time/Time_8	[0, 25, 201]	0.36392485402386393	1.0
Time/Time_9	[1, 2, 15]	0.45138888888888884	0.5
Time/Time_10	[81, 88, 130, 131]	0.021967706431346996	0.012195121951219513
Time/Time_11	[301]	0.0033112582781456954	0.0033112582781456954
Time/Time_12	[9, 10, 25, 26]	0.13633773633773635	0.1
Time/Time_13	[0, 5, 7, 8]	0.5381944444444444	1.0
Time/Time_14	[34, 50, 57]	0.039837084258990955	0.02857142857142857
Time/Time_15	[0, 1]	1.0	1.0
Time/Time_16	[26, 36, 37, 52]	0.06137753940633782	0.037037037037037035
Time/Time_17	[8, 9, 10, 11, 13]	0.25486291486291485	0.1111111111111111
Time/Time_18	[0, 4, 5, 6, 7, 8, 9, 10, 11]	0.660040885040885	1.0
Time/Time_19	[121]	0.00819672131147541	0.00819672131147541
Time/Time_20	[21, 22, 25, 26, 567]	0.08094932952556957	0.045454545454545456
Time/Time_22	[10]	0.09090909090909091	0.09090909090909091
Time/Time_23	[5]	0.16666666666666666	0.16666666666666666
Time/Time_24	[199, 203, 205, 231, 326]	0.012379785510552924	0.005
Time/Time_25	[109, 116, 201]	0.013678803777813678	0.00909090909090909
Time/Time_26	[446, 459, 460, 462]	0.005432965899615463	0.0022371364653243847
Time/Time_27	[221]	0.0045045045045045045	0.0045045045045045045
MAP	0.22465911823740112
MRR	0.29935034849089315
TOP-n	5	8	9	9	9	11	11	11	12	14	15	15	15	15	15	15	16	16	16	16	
