Time/Time_1	[2, 4, 8, 10]	0.35757575757575755	0.3333333333333333
Time/Time_2	[9, 12, 19]	0.1346153846153846	0.1
Time/Time_3	[17, 18, 19, 20, 21, 23]	0.16309460519986838	0.05555555555555555
Time/Time_4	[1, 2, 11, 15]	0.41666666666666663	0.5
Time/Time_5	[5, 13, 15, 16]	0.1830794817927171	0.16666666666666666
Time/Time_6	[0, 1, 95, 118, 152]	0.4195086367880485	1.0
Time/Time_7	[2, 21, 22, 23]	0.18033596837944663	0.3333333333333333
Time/Time_8	[0, 28, 201]	0.3612723341299647	1.0
Time/Time_9	[4, 6, 15]	0.2244047619047619	0.2
Time/Time_10	[84, 89, 131, 132]	0.021697347200443175	0.011764705882352941
Time/Time_11	[297]	0.003355704697986577	0.003355704697986577
Time/Time_12	[15, 16, 28, 29]	0.10423216700473292	0.0625
Time/Time_13	[2, 5, 6, 8]	0.3849206349206349	0.3333333333333333
Time/Time_14	[49, 54, 63]	0.03441287878787879	0.02
Time/Time_15	[0, 1]	1.0	1.0
Time/Time_16	[33, 42, 43, 61]	0.052155334956733836	0.029411764705882353
Time/Time_17	[7, 10, 11, 12, 13]	0.24433066933066935	0.125
Time/Time_18	[0, 4, 5, 6, 7, 8, 9, 10, 11]	0.660040885040885	1.0
Time/Time_19	[122]	0.008130081300813009	0.008130081300813009
Time/Time_20	[22, 23, 26, 27, 563]	0.07792901927962056	0.043478260869565216
Time/Time_22	[11]	0.08333333333333333	0.08333333333333333
Time/Time_23	[6]	0.14285714285714285	0.14285714285714285
Time/Time_24	[193, 203, 207, 235, 342]	0.012181609936910729	0.005154639175257732
Time/Time_25	[134, 139, 289]	0.010679316426442863	0.007407407407407408
Time/Time_26	[446, 459, 460, 461]	0.0054376408502947345	0.0022371364653243847
Time/Time_27	[223]	0.004464285714285714	0.004464285714285714
MAP	0.20348890956505475
MRR	0.2527429494089067
TOP-n	4	5	8	8	9	10	11	12	12	13	13	14	14	14	14	15	15	16	16	16	
