Time/Time_1	[2, 4, 8, 10]	0.35757575757575755	0.3333333333333333
Time/Time_2	[10, 12, 17]	0.13714063714063715	0.09090909090909091
Time/Time_3	[16, 17, 18, 19, 20, 21]	0.17310864803124867	0.058823529411764705
Time/Time_4	[1, 2, 11, 15]	0.41666666666666663	0.5
Time/Time_5	[5, 10, 13, 15]	0.2031926406926407	0.16666666666666666
Time/Time_6	[0, 1, 87, 122, 156]	0.4196916736104247	1.0
Time/Time_7	[1, 21, 22, 23]	0.2220026350461133	0.5
Time/Time_8	[0, 23, 201]	0.36606160616061606	1.0
Time/Time_9	[1, 2, 15]	0.45138888888888884	0.5
Time/Time_10	[81, 86, 130, 131]	0.022096855340038718	0.012195121951219513
Time/Time_11	[302]	0.0033003300330033004	0.0033003300330033004
Time/Time_12	[5, 6, 24, 25]	0.18155677655677654	0.16666666666666666
Time/Time_13	[0, 5, 7, 8]	0.5381944444444444	1.0
Time/Time_14	[27, 51, 54]	0.04290709290709291	0.03571428571428571
Time/Time_15	[0, 1]	1.0	1.0
Time/Time_16	[26, 31, 32, 48]	0.06801969525183811	0.037037037037037035
Time/Time_17	[8, 9, 10, 11, 12]	0.2603574203574203	0.1111111111111111
Time/Time_18	[0, 4, 5, 6, 7, 8, 9, 10, 11]	0.660040885040885	1.0
Time/Time_19	[121]	0.00819672131147541	0.00819672131147541
Time/Time_20	[19, 23, 26, 27, 570]	0.0792116309454313	0.05
Time/Time_22	[10]	0.09090909090909091	0.09090909090909091
Time/Time_23	[5]	0.16666666666666666	0.16666666666666666
Time/Time_24	[201, 205, 210, 231, 322]	0.012319699572718229	0.0049504950495049506
Time/Time_25	[79, 83, 168]	0.01802033436648821	0.0125
Time/Time_26	[447, 461, 462, 463]	0.00541532962069707	0.002232142857142857
Time/Time_27	[211]	0.0047169811320754715	0.0047169811320754715
MAP	0.22725996570265908
MRR	0.3021511257984667
TOP-n	5	8	9	9	9	12	12	12	13	13	15	15	15	15	15	15	16	16	16	17	
