Time/Time_1	[2, 6, 7, 10]	0.3394209956709957	0.3333333333333333
Time/Time_2	[10, 12, 17]	0.13714063714063715	0.09090909090909091
Time/Time_3	[12, 15, 16, 17, 19, 20]	0.1893883621824798	0.07692307692307693
Time/Time_4	[1, 2, 10, 15]	0.4223484848484848	0.5
Time/Time_5	[2, 6, 12, 15]	0.2749542124542125	0.3333333333333333
Time/Time_6	[0, 1, 83, 118, 151]	0.4204444935869084	1.0
Time/Time_7	[1, 20, 21, 22]	0.2263786937699981	0.5
Time/Time_8	[0, 12, 201]	0.38956587966488954	1.0
Time/Time_9	[0, 2, 13]	0.6269841269841269	1.0
Time/Time_10	[77, 84, 128, 129]	0.02259374232698446	0.01282051282051282
Time/Time_11	[302]	0.0033003300330033004	0.0033003300330033004
Time/Time_12	[5, 6, 9, 10]	0.27900432900432903	0.16666666666666666
Time/Time_13	[0, 4, 6, 11]	0.5404761904761904	1.0
Time/Time_14	[21, 34, 46]	0.055475729943815055	0.045454545454545456
Time/Time_15	[0, 1]	1.0	1.0
Time/Time_16	[22, 27, 28, 36]	0.08161580406707843	0.043478260869565216
Time/Time_17	[8, 9, 10, 11, 12]	0.2603574203574203	0.1111111111111111
Time/Time_18	[0, 4, 5, 6, 7, 8, 9, 10, 11]	0.660040885040885	1.0
Time/Time_19	[113]	0.008771929824561403	0.008771929824561403
Time/Time_20	[17, 19, 22, 23, 582]	0.09224666683239283	0.05555555555555555
Time/Time_22	[8]	0.1111111111111111	0.1111111111111111
Time/Time_23	[3]	0.25	0.25
Time/Time_24	[199, 206, 223, 259, 309]	0.011913668106865862	0.005
Time/Time_25	[46, 49, 74]	0.033758865248226945	0.02127659574468085
Time/Time_26	[444, 459, 460, 461]	0.0054401544867726265	0.0022471910112359553
Time/Time_27	[205]	0.0048543689320388345	0.0048543689320388345
MAP	0.24798411854209262
MRR	0.333697962062824
TOP-n	6	8	10	11	11	12	12	12	14	14	15	15	16	16	16	16	16	17	17	17	
