Time/Time_1	[2, 4, 8, 10]	0.35757575757575755	0.3333333333333333
Time/Time_2	[9, 12, 18]	0.13724696356275304	0.1
Time/Time_3	[16, 17, 18, 19, 20, 21]	0.17310864803124867	0.058823529411764705
Time/Time_4	[1, 2, 11, 15]	0.41666666666666663	0.5
Time/Time_5	[5, 13, 14, 16]	0.1862044817927171	0.16666666666666666
Time/Time_6	[0, 1, 91, 120, 153]	0.4196268158718751	1.0
Time/Time_7	[2, 21, 22, 23]	0.18033596837944663	0.3333333333333333
Time/Time_8	[0, 26, 201]	0.3629751864075296	1.0
Time/Time_9	[2, 4, 15]	0.30694444444444446	0.3333333333333333
Time/Time_10	[83, 89, 131, 132]	0.021732361206045415	0.011904761904761904
Time/Time_11	[300]	0.0033222591362126247	0.0033222591362126247
Time/Time_12	[10, 11, 27, 28]	0.12566241230034333	0.09090909090909091
Time/Time_13	[2, 5, 6, 8]	0.3849206349206349	0.3333333333333333
Time/Time_14	[45, 53, 60]	0.0359854984468907	0.021739130434782608
Time/Time_15	[0, 1]	1.0	1.0
Time/Time_16	[26, 41, 42, 55]	0.0564630244862803	0.037037037037037035
Time/Time_17	[7, 9, 10, 12, 13]	0.2525124875124875	0.125
Time/Time_18	[0, 4, 5, 6, 7, 8, 9, 10, 11]	0.660040885040885	1.0
Time/Time_19	[121]	0.00819672131147541	0.00819672131147541
Time/Time_20	[22, 23, 26, 27, 565]	0.07792275408652732	0.043478260869565216
Time/Time_22	[10]	0.09090909090909091	0.09090909090909091
Time/Time_23	[6]	0.14285714285714285	0.14285714285714285
Time/Time_24	[195, 202, 205, 232, 333]	0.012330961243139992	0.00510204081632653
Time/Time_25	[119, 121, 252]	0.012194827822055193	0.008333333333333333
Time/Time_26	[446, 458, 459, 461]	0.005443545682178339	0.0022371364653243847
Time/Time_27	[222]	0.004484304932735426	0.004484304932735426
MAP	0.20906399402409864
MRR	0.25978207078187093
TOP-n	4	5	9	9	9	10	11	12	12	13	15	15	15	15	15	15	16	16	16	16	
