Time/Time_1	[3, 4, 8, 10]	0.3367424242424243	0.25
Time/Time_2	[10, 12, 19]	0.1315850815850816	0.09090909090909091
Time/Time_3	[19, 21, 22, 23, 24, 25]	0.14479662849228067	0.05
Time/Time_4	[1, 2, 11, 15]	0.41666666666666663	0.5
Time/Time_5	[5, 13, 15, 16]	0.1830794817927171	0.16666666666666666
Time/Time_6	[0, 1, 96, 117, 154]	0.4194168409304842	1.0
Time/Time_7	[2, 21, 22, 23]	0.18033596837944663	0.3333333333333333
Time/Time_8	[0, 30, 201]	0.35978920472692427	1.0
Time/Time_9	[6, 8, 15]	0.18419312169312171	0.14285714285714285
Time/Time_10	[84, 89, 131, 132]	0.021697347200443175	0.011764705882352941
Time/Time_11	[298]	0.0033444816053511705	0.0033444816053511705
Time/Time_12	[16, 17, 28, 29]	0.10167906242956953	0.058823529411764705
Time/Time_13	[2, 5, 6, 8]	0.3849206349206349	0.3333333333333333
Time/Time_14	[53, 54, 63]	0.03391905162738496	0.018518518518518517
Time/Time_15	[0, 1]	1.0	1.0
Time/Time_16	[37, 44, 45, 62]	0.04986742217863499	0.02631578947368421
Time/Time_17	[7, 10, 11, 12, 15]	0.23540209790209793	0.125
Time/Time_18	[0, 4, 5, 6, 7, 8, 9, 10, 11]	0.660040885040885	1.0
Time/Time_19	[123]	0.008064516129032258	0.008064516129032258
Time/Time_20	[22, 23, 26, 27, 561]	0.0779353290648355	0.043478260869565216
Time/Time_22	[11]	0.08333333333333333	0.08333333333333333
Time/Time_23	[6]	0.14285714285714285	0.14285714285714285
Time/Time_24	[193, 203, 207, 237, 345]	0.012127845481612172	0.005154639175257732
Time/Time_25	[143, 151, 299]	0.010034113060428848	0.006944444444444444
Time/Time_26	[446, 459, 460, 461]	0.0054376408502947345	0.0022371364653243847
Time/Time_27	[223]	0.004464285714285714	0.004464285714285714
MAP	0.19968194645788898
MRR	0.24643847503767788
TOP-n	4	5	7	8	8	9	11	12	12	12	13	14	14	14	14	14	15	15	15	16	
