Time/Time_1	[2, 4, 8, 10]	0.35757575757575755	0.3333333333333333
Time/Time_2	[11, 12, 17]	0.1346153846153846	0.08333333333333333
Time/Time_3	[16, 17, 18, 19, 20, 21]	0.17310864803124867	0.058823529411764705
Time/Time_4	[1, 2, 11, 15]	0.41666666666666663	0.5
Time/Time_5	[5, 10, 13, 15]	0.2031926406926407	0.16666666666666666
Time/Time_6	[0, 1, 83, 118, 154]	0.42031715912171314	1.0
Time/Time_7	[1, 21, 22, 23]	0.2220026350461133	0.5
Time/Time_8	[0, 19, 201]	0.37161716171617165	1.0
Time/Time_9	[1, 2, 15]	0.45138888888888884	0.5
Time/Time_10	[79, 86, 129, 130]	0.02227494499227192	0.0125
Time/Time_11	[302]	0.0033003300330033004	0.0033003300330033004
Time/Time_12	[5, 6, 15, 16]	0.2187937675070028	0.16666666666666666
Time/Time_13	[0, 4, 7, 8]	0.554861111111111	1.0
Time/Time_14	[23, 45, 48]	0.04878980577738342	0.041666666666666664
Time/Time_15	[0, 1]	1.0	1.0
Time/Time_16	[23, 30, 31, 40]	0.0743734428271702	0.041666666666666664
Time/Time_17	[8, 9, 10, 11, 12]	0.2603574203574203	0.1111111111111111
Time/Time_18	[0, 4, 5, 6, 7, 8, 9, 10, 11]	0.660040885040885	1.0
Time/Time_19	[121]	0.00819672131147541	0.00819672131147541
Time/Time_20	[20, 22, 25, 26, 576]	0.08135476883122125	0.047619047619047616
Time/Time_22	[11]	0.08333333333333333	0.08333333333333333
Time/Time_23	[5]	0.16666666666666666	0.16666666666666666
Time/Time_24	[199, 203, 214, 233, 321]	0.012275875469059316	0.005
Time/Time_25	[62, 63, 132]	0.02322646895015316	0.015873015873015872
Time/Time_26	[445, 460, 461, 462]	0.005428340652273008	0.002242152466367713
Time/Time_27	[207]	0.004807692307692308	0.004807692307692308
MAP	0.22994486605856562
MRR	0.3020310359025697
TOP-n	5	8	9	9	9	12	12	12	13	13	13	15	15	15	15	15	16	16	16	16	
