Time/Time_1	[0, 5, 8, 10]	0.5075757575757576	1.0
Time/Time_2	[10, 11, 16]	0.14468211527035058	0.09090909090909091
Time/Time_3	[6, 7, 8, 9, 10, 11]	0.3467893217893218	0.14285714285714285
Time/Time_4	[0, 9, 11, 15]	0.425	1.0
Time/Time_5	[1, 3, 5, 13]	0.4464285714285714	0.5
Time/Time_6	[1, 2, 80, 115, 165]	0.2536613888504208	0.5
Time/Time_7	[1, 19, 20, 21]	0.2311688311688312	0.5
Time/Time_8	[0, 12, 204]	0.3894934333958724	1.0
Time/Time_9	[0, 3, 10]	0.5909090909090909	1.0
Time/Time_10	[64, 69, 124, 125]	0.024925518925518926	0.015384615384615385
Time/Time_11	[303]	0.003289473684210526	0.003289473684210526
Time/Time_12	[5, 6, 8, 9]	0.2964285714285714	0.16666666666666666
Time/Time_13	[1, 2, 8, 12]	0.45192307692307687	0.5
Time/Time_14	[18, 31, 44]	0.060599415204678354	0.05263157894736842
Time/Time_15	[0, 1]	1.0	1.0
Time/Time_16	[8, 19, 22, 23]	0.12705314009661836	0.1111111111111111
Time/Time_17	[2, 3, 4, 5, 6]	0.5628571428571428	0.3333333333333333
Time/Time_18	[0, 4, 5, 6, 7, 8, 9, 10, 11]	0.660040885040885	1.0
Time/Time_19	[110]	0.009009009009009009	0.009009009009009009
Time/Time_20	[10, 12, 15, 16, 593]	0.13519337416396243	0.09090909090909091
Time/Time_22	[8]	0.1111111111111111	0.1111111111111111
Time/Time_23	[3]	0.25	0.25
Time/Time_24	[170, 185, 282, 302, 319]	0.011205533646842281	0.005847953216374269
Time/Time_25	[32, 33, 34]	0.05828028180969358	0.030303030303030304
Time/Time_26	[443, 458, 459, 460]	0.005452019861371267	0.0022522522522522522
Time/Time_27	[193]	0.005154639175257732	0.005154639175257732
MAP	0.2733935270510064
MRR	0.36233731149498716
TOP-n	6	10	11	12	12	13	14	14	16	16	18	18	18	18	18	18	18	18	19	19	
