Time/Time_1	[2, 4, 8, 10]	0.35757575757575755	0.3333333333333333
Time/Time_2	[9, 11, 17]	0.14444444444444446	0.1
Time/Time_3	[16, 17, 18, 19, 20, 21]	0.17310864803124867	0.058823529411764705
Time/Time_4	[1, 2, 11, 15]	0.41666666666666663	0.5
Time/Time_5	[5, 11, 13, 15]	0.1994047619047619	0.16666666666666666
Time/Time_6	[0, 1, 88, 122, 156]	0.4196150648259507	1.0
Time/Time_7	[1, 21, 22, 23]	0.2220026350461133	0.5
Time/Time_8	[0, 23, 201]	0.36606160616061606	1.0
Time/Time_9	[1, 2, 15]	0.45138888888888884	0.5
Time/Time_10	[81, 86, 131, 132]	0.02199652209888587	0.012195121951219513
Time/Time_11	[302]	0.0033003300330033004	0.0033003300330033004
Time/Time_12	[5, 6, 24, 25]	0.18155677655677654	0.16666666666666666
Time/Time_13	[0, 5, 7, 8]	0.5381944444444444	1.0
Time/Time_14	[30, 51, 55]	0.04143034384969869	0.03225806451612903
Time/Time_15	[0, 1]	1.0	1.0
Time/Time_16	[26, 31, 32, 49]	0.06761153198653198	0.037037037037037035
Time/Time_17	[8, 9, 10, 11, 13]	0.25486291486291485	0.1111111111111111
Time/Time_18	[0, 4, 5, 6, 7, 8, 9, 10, 11]	0.660040885040885	1.0
Time/Time_19	[121]	0.00819672131147541	0.00819672131147541
Time/Time_20	[20, 23, 26, 27, 569]	0.07873851294903926	0.047619047619047616
Time/Time_22	[10]	0.09090909090909091	0.09090909090909091
Time/Time_23	[5]	0.16666666666666666	0.16666666666666666
Time/Time_24	[202, 203, 205, 231, 323]	0.012393322962981023	0.0049261083743842365
Time/Time_25	[84, 107, 182]	0.01555888900794076	0.011764705882352941
Time/Time_26	[447, 460, 461, 463]	0.005421183449937003	0.002232142857142857
Time/Time_27	[221]	0.0045045045045045045	0.0045045045045045045
MAP	0.2269865813145856
MRR	0.30223887880198447
TOP-n	5	8	9	9	9	12	12	12	13	14	15	15	15	15	15	15	16	16	16	16	
