Time/Time_1	[2, 6, 7, 10]	0.3394209956709957	0.3333333333333333
Time/Time_2	[10, 12, 17]	0.13714063714063715	0.09090909090909091
Time/Time_3	[11, 12, 13, 14, 15, 16]	0.2305955074337427	0.08333333333333333
Time/Time_4	[1, 2, 10, 15]	0.4223484848484848	0.5
Time/Time_5	[1, 5, 10, 15]	0.3390151515151515	0.5
Time/Time_6	[0, 1, 83, 116, 150]	0.4206029805367553	1.0
Time/Time_7	[1, 20, 21, 22]	0.2263786937699981	0.5
Time/Time_8	[0, 12, 201]	0.38956587966488954	1.0
Time/Time_9	[0, 2, 13]	0.6269841269841269	1.0
Time/Time_10	[77, 83, 127, 128]	0.02276882214200528	0.01282051282051282
Time/Time_11	[302]	0.0033003300330033004	0.0033003300330033004
Time/Time_12	[5, 6, 9, 10]	0.27900432900432903	0.16666666666666666
Time/Time_13	[0, 3, 6, 10]	0.573051948051948	1.0
Time/Time_14	[20, 35, 44]	0.056613756613756616	0.047619047619047616
Time/Time_15	[0, 1]	1.0	1.0
Time/Time_16	[18, 27, 28, 33]	0.08628887126538456	0.05263157894736842
Time/Time_17	[8, 9, 10, 11, 12]	0.2603574203574203	0.1111111111111111
Time/Time_18	[0, 4, 5, 6, 7, 8, 9, 10, 11]	0.660040885040885	1.0
Time/Time_19	[113]	0.008771929824561403	0.008771929824561403
Time/Time_20	[17, 18, 21, 22, 582]	0.09593434452464719	0.05555555555555555
Time/Time_22	[7]	0.125	0.125
Time/Time_23	[3]	0.25	0.25
Time/Time_24	[195, 208, 229, 263, 310]	0.01178871652742966	0.00510204081632653
Time/Time_25	[46, 47, 58]	0.03793024001282205	0.02127659574468085
Time/Time_26	[444, 460, 461, 462]	0.005429600288490068	0.0022471910112359553
Time/Time_27	[204]	0.004878048780487805	0.004878048780487805
MAP	0.2543542961550751
MRR	0.3413290910194737
TOP-n	6	9	10	11	11	12	12	13	14	14	15	16	16	16	16	16	16	17	18	18	
