Time/Time_1	[2, 4, 8, 10]	0.35757575757575755	0.3333333333333333
Time/Time_2	[9, 11, 19]	0.13888888888888887	0.1
Time/Time_3	[16, 17, 18, 19, 20, 21]	0.17310864803124867	0.058823529411764705
Time/Time_4	[1, 2, 11, 15]	0.41666666666666663	0.5
Time/Time_5	[5, 12, 13, 16]	0.1925231631113984	0.16666666666666666
Time/Time_6	[0, 1, 90, 122, 154]	0.4195490845372828	1.0
Time/Time_7	[2, 21, 22, 23]	0.18033596837944663	0.3333333333333333
Time/Time_8	[0, 25, 201]	0.36392485402386393	1.0
Time/Time_9	[1, 3, 15]	0.3958333333333333	0.5
Time/Time_10	[83, 88, 131, 132]	0.021794783178579746	0.011904761904761904
Time/Time_11	[301]	0.0033112582781456954	0.0033112582781456954
Time/Time_12	[10, 11, 25, 26]	0.13027713027713028	0.09090909090909091
Time/Time_13	[0, 5, 6, 8]	0.5515873015873016	1.0
Time/Time_14	[38, 51, 59]	0.03803418803418803	0.02564102564102564
Time/Time_15	[0, 1]	1.0	1.0
Time/Time_16	[26, 36, 37, 53]	0.06102813339655445	0.037037037037037035
Time/Time_17	[8, 9, 10, 11, 13]	0.25486291486291485	0.1111111111111111
Time/Time_18	[0, 4, 5, 6, 7, 8, 9, 10, 11]	0.660040885040885	1.0
Time/Time_19	[121]	0.00819672131147541	0.00819672131147541
Time/Time_20	[21, 22, 25, 26, 567]	0.08094932952556957	0.045454545454545456
Time/Time_22	[10]	0.09090909090909091	0.09090909090909091
Time/Time_23	[5]	0.16666666666666666	0.16666666666666666
Time/Time_24	[196, 204, 205, 232, 331]	0.012324593885435232	0.005076142131979695
Time/Time_25	[115, 117, 240]	0.012672658325876093	0.008620689655172414
Time/Time_26	[446, 459, 460, 461]	0.0054376408502947345	0.0022371364653243847
Time/Time_27	[222]	0.004484304932735426	0.004484304932735426
MAP	0.22080707560041268
MRR	0.2924506325058947
TOP-n	5	7	9	9	9	11	11	11	12	13	15	15	15	15	15	15	16	16	16	16	
