Time/Time_1	[2, 4, 7, 10]	0.3679924242424243	0.3333333333333333
Time/Time_2	[11, 12, 17]	0.1346153846153846	0.08333333333333333
Time/Time_3	[15, 16, 17, 18, 19, 20]	0.18217572116565925	0.0625
Time/Time_4	[1, 2, 11, 15]	0.41666666666666663	0.5
Time/Time_5	[3, 8, 12, 15]	0.23824786324786323	0.25
Time/Time_6	[0, 1, 82, 118, 153]	0.4204451112317873	1.0
Time/Time_7	[1, 21, 22, 23]	0.2220026350461133	0.5
Time/Time_8	[0, 15, 201]	0.37995049504950495	1.0
Time/Time_9	[1, 2, 14]	0.4555555555555555	0.5
Time/Time_10	[79, 85, 129, 130]	0.022341772043862403	0.0125
Time/Time_11	[302]	0.0033003300330033004	0.0033003300330033004
Time/Time_12	[5, 6, 14, 15]	0.22559523809523807	0.16666666666666666
Time/Time_13	[0, 4, 7, 8]	0.554861111111111	1.0
Time/Time_14	[22, 41, 46]	0.051642365240885134	0.043478260869565216
Time/Time_15	[0, 1]	1.0	1.0
Time/Time_16	[23, 29, 30, 39]	0.07627688172043011	0.041666666666666664
Time/Time_17	[8, 9, 10, 11, 12]	0.2603574203574203	0.1111111111111111
Time/Time_18	[0, 4, 5, 6, 7, 8, 9, 10, 11]	0.660040885040885	1.0
Time/Time_19	[113]	0.008771929824561403	0.008771929824561403
Time/Time_20	[18, 22, 25, 26, 578]	0.0823512885606055	0.05263157894736842
Time/Time_22	[10]	0.09090909090909091	0.09090909090909091
Time/Time_23	[4]	0.2	0.2
Time/Time_24	[198, 202, 216, 232, 321]	0.012279511890868768	0.005025125628140704
Time/Time_25	[60, 61, 119]	0.02455050237969329	0.01639344262295082
Time/Time_26	[446, 460, 461, 462]	0.005427086652012176	0.0022371364653243847
Time/Time_27	[206]	0.004830917874396135	0.004830917874396135
MAP	0.2346610841751931
MRR	0.30725726631867356
TOP-n	5	8	9	10	11	12	12	12	13	13	14	15	15	15	15	16	16	16	17	17	
