Time/Time_1	[2, 6, 7, 10]	0.3394209956709957	0.3333333333333333
Time/Time_2	[10, 12, 17]	0.13714063714063715	0.09090909090909091
Time/Time_3	[15, 16, 17, 18, 19, 20]	0.18217572116565925	0.0625
Time/Time_4	[1, 2, 10, 15]	0.4223484848484848	0.5
Time/Time_5	[2, 7, 12, 15]	0.266025641025641	0.3333333333333333
Time/Time_6	[0, 1, 83, 118, 154]	0.42031715912171314	1.0
Time/Time_7	[1, 21, 22, 23]	0.2220026350461133	0.5
Time/Time_8	[0, 14, 201]	0.3827282728272827	1.0
Time/Time_9	[1, 2, 14]	0.4555555555555555	0.5
Time/Time_10	[78, 84, 129, 130]	0.022449728458692097	0.012658227848101266
Time/Time_11	[302]	0.0033003300330033004	0.0033003300330033004
Time/Time_12	[5, 6, 10, 11]	0.2646103896103896	0.16666666666666666
Time/Time_13	[0, 4, 7, 9]	0.54375	1.0
Time/Time_14	[22, 37, 45]	0.053775743707093815	0.043478260869565216
Time/Time_15	[0, 1]	1.0	1.0
Time/Time_16	[22, 28, 29, 39]	0.07811094452773613	0.043478260869565216
Time/Time_17	[8, 9, 10, 11, 12]	0.2603574203574203	0.1111111111111111
Time/Time_18	[0, 4, 5, 6, 7, 8, 9, 10, 11]	0.660040885040885	1.0
Time/Time_19	[113]	0.008771929824561403	0.008771929824561403
Time/Time_20	[18, 22, 25, 26, 580]	0.08234534323972167	0.05263157894736842
Time/Time_22	[10]	0.09090909090909091	0.09090909090909091
Time/Time_23	[4]	0.2	0.2
Time/Time_24	[199, 203, 218, 235, 313]	0.012275054225393506	0.005
Time/Time_25	[48, 53, 116]	0.027695408647789594	0.02040816326530612
Time/Time_26	[444, 459, 460, 461]	0.0054401544867726265	0.0022471910112359553
Time/Time_27	[205]	0.0048543689320388345	0.0048543689320388345
MAP	0.23640007286164122
MRR	0.31098426684089897
TOP-n	5	8	10	10	11	12	12	12	13	13	15	15	15	15	15	16	16	16	17	17	
