Chart/Chart_1	[384]	0.0025974025974025974	0.0025974025974025974
Chart/Chart_2	[24, 25, 26, 29, 31, 35, 101, 102, 103, 104]	0.10123580987037584	0.04
Chart/Chart_3	[99, 100]	0.0149009900990099	0.01
Chart/Chart_4	[53]	0.018518518518518517	0.018518518518518517
Chart/Chart_5	[2, 4]	0.3666666666666667	0.3333333333333333
Chart/Chart_6	[98]	0.010101010101010102	0.010101010101010102
Chart/Chart_7	[81, 82]	0.018145753746694096	0.012195121951219513
Chart/Chart_8	[43]	0.022727272727272728	0.022727272727272728
Chart/Chart_9	[11, 12]	0.11858974358974358	0.08333333333333333
Chart/Chart_10	[1]	0.5	0.5
Chart/Chart_11	[6]	0.14285714285714285	0.14285714285714285
Chart/Chart_12	[305]	0.0032679738562091504	0.0032679738562091504
Chart/Chart_13	[28]	0.034482758620689655	0.034482758620689655
Chart/Chart_14	[3, 4, 5, 6]	0.4303571428571428	0.25
Chart/Chart_15	[598]	0.001669449081803005	0.001669449081803005
Chart/Chart_16	[27, 28, 29]	0.06822660098522167	0.03571428571428571
Chart/Chart_17	[0]	1.0	1.0
Chart/Chart_18	[2, 3, 6, 7]	0.44047619047619047	0.3333333333333333
Chart/Chart_19	[2, 3]	0.41666666666666663	0.3333333333333333
Chart/Chart_20	[42]	0.023255813953488372	0.023255813953488372
Chart/Chart_21	[5, 13, 94, 95]	0.09569235588972431	0.16666666666666666
Chart/Chart_22	[9, 10, 38, 39, 56, 93]	0.10171505737015256	0.1
Chart/Chart_23	[36, 37, 38, 39, 40, 41, 42, 43, 44, 45, 46, 47, 48, 178, 179]	0.14628563523892216	0.02702702702702703
Chart/Chart_24	[0]	1.0	1.0
Chart/Chart_25	[366, 367, 1867, 1868]	0.002976438970457549	0.0027247956403269754
Chart/Chart_26	[2792]	3.5803795202291446E-4	3.5803795202291446E-4
MAP	0.19545270894971264
MRR	0.1725960234845546
