Chart/Chart_1	[314]	0.0031746031746031746	0.0031746031746031746
Chart/Chart_2	[76, 77, 78, 79, 80, 81, 82, 83, 84, 85]	0.06632387162856918	0.012987012987012988
Chart/Chart_3	[71, 72]	0.020643074581430745	0.013888888888888888
Chart/Chart_4	[1189]	8.403361344537816E-4	8.403361344537816E-4
Chart/Chart_5	[1, 27]	0.2857142857142857	0.5
Chart/Chart_6	[66]	0.014925373134328358	0.014925373134328358
Chart/Chart_7	[61, 62]	0.02393753200204813	0.016129032258064516
Chart/Chart_8	[23]	0.041666666666666664	0.041666666666666664
Chart/Chart_9	[5, 102]	0.093042071197411	0.16666666666666666
Chart/Chart_10	[1]	0.5	0.5
Chart/Chart_11	[9]	0.1	0.1
Chart/Chart_12	[267]	0.0037313432835820895	0.0037313432835820895
Chart/Chart_13	[135]	0.007352941176470588	0.007352941176470588
Chart/Chart_14	[259, 260, 261, 262]	0.009542124062467619	0.0038461538461538464
Chart/Chart_15	[559]	0.0017857142857142857	0.0017857142857142857
Chart/Chart_16	[22, 23, 24]	0.08227053140096618	0.043478260869565216
Chart/Chart_17	[50]	0.0196078431372549	0.0196078431372549
Chart/Chart_18	[46, 47, 48, 49]	0.05104193805181647	0.02127659574468085
Chart/Chart_19	[364, 365]	0.0041021034508571	0.0027397260273972603
Chart/Chart_20	[38]	0.02564102564102564	0.02564102564102564
Chart/Chart_21	[3, 68, 69, 70]	0.09454516956813344	0.25
Chart/Chart_22	[56, 57, 58, 59, 60, 61]	0.058047024871123155	0.017543859649122806
Chart/Chart_23	[132, 133, 134, 135, 136, 137, 138, 139, 140, 141, 142, 143, 144, 145, 146]	0.056243364670897605	0.007518796992481203
Chart/Chart_24	[5]	0.16666666666666666	0.16666666666666666
Chart/Chart_25	[1734, 1735, 1736, 1737]	0.001439263574483664	5.763688760806917E-4
Chart/Chart_26	[2794]	3.5778175313059033E-4	3.5778175313059033E-4
MAP	0.06664010191647642
MRR	0.07470775607153891
