Closure/Closure_1	[442]	0.002257336343115124	0.002257336343115124
Closure/Closure_2	[5]	0.16666666666666666	0.16666666666666666
Closure/Closure_3	[413, 1798]	0.0017635938376929748	0.0024154589371980675
Closure/Closure_4	[180]	0.0055248618784530384	0.0055248618784530384
Closure/Closure_5	[223]	0.004464285714285714	0.004464285714285714
Closure/Closure_6	[0, 2, 21, 2451]	0.45116540610015315	1.0
Closure/Closure_7	[0]	1.0	1.0
Closure/Closure_8	[1028]	9.718172983479105E-4	9.718172983479105E-4
Closure/Closure_9	[1]	0.5	0.5
Closure/Closure_10	[138]	0.007194244604316547	0.007194244604316547
Closure/Closure_11	[608, 688]	0.0022723968722667487	0.0016420361247947454
Closure/Closure_12	[296]	0.003367003367003367	0.003367003367003367
Closure/Closure_13	[1777, 2334]	7.094803727692497E-4	5.624296962879641E-4
Closure/Closure_14	[0]	1.0	1.0
Closure/Closure_15	[74, 75, 265]	0.01697577276524645	0.013333333333333334
Closure/Closure_16	[93, 94, 99, 100]	0.02532372246183185	0.010638297872340425
Closure/Closure_17	[3]	0.25	0.25
Closure/Closure_18	[2434]	4.106776180698152E-4	4.106776180698152E-4
Closure/Closure_19	[0, 231]	0.5043103448275862	1.0
Closure/Closure_20	[77]	0.01282051282051282	0.01282051282051282
Closure/Closure_21	[12, 31]	0.06971153846153846	0.07692307692307693
Closure/Closure_22	[3, 4, 5, 6, 7, 8, 9, 41, 45, 170]	0.4157703134648215	0.25
Closure/Closure_23	[2]	0.3333333333333333	0.3333333333333333
Closure/Closure_24	[0, 1, 2]	1.0	1.0
Closure/Closure_25	[106, 175, 191, 192, 193]	0.01656660304669693	0.009345794392523364
Closure/Closure_26	[17, 18]	0.0804093567251462	0.05555555555555555
Closure/Closure_27	[1, 8]	0.3611111111111111	0.5
Closure/Closure_28	[138]	0.007194244604316547	0.007194244604316547
Closure/Closure_29	[469, 3653, 3654, 3663]	0.0011468753599551892	0.002127659574468085
Closure/Closure_30	[280, 398, 1703, 1795]	0.0031397462655043387	0.0035587188612099642
Closure/Closure_31	[72]	0.0136986301369863	0.0136986301369863
Closure/Closure_32	[24, 25, 39, 40, 61, 62]	0.07756121817687514	0.04
Closure/Closure_33	[317]	0.0031446540880503146	0.0031446540880503146
Closure/Closure_34	[8]	0.1111111111111111	0.1111111111111111
Closure/Closure_35	[614]	0.0016260162601626016	0.0016260162601626016
Closure/Closure_36	[695]	0.0014367816091954023	0.0014367816091954023
Closure/Closure_37	[15, 317]	0.034394654088050314	0.0625
Closure/Closure_38	[8]	0.1111111111111111	0.1111111111111111
Closure/Closure_39	[8, 14, 38]	0.10712250712250711	0.1111111111111111
Closure/Closure_40	[11]	0.08333333333333333	0.08333333333333333
Closure/Closure_41	[402, 1570]	0.0018772320265102753	0.0024813895781637717
Closure/Closure_42	[0]	1.0	1.0
Closure/Closure_43	[222, 2179, 2180, 2181, 2182, 2183]	0.002274685213101032	0.004484304932735426
Closure/Closure_44	[61, 113]	0.01683644595359366	0.016129032258064516
Closure/Closure_45	[67, 279, 280, 1221, 1299, 1328, 1329, 1330]	0.006929090167002546	0.014705882352941176
Closure/Closure_46	[]	0.0	0.0
Closure/Closure_47	[303, 409, 410, 411, 412, 413]	0.008629136925870575	0.003289473684210526
Closure/Closure_48	[129, 937]	0.0049122519271773005	0.007692307692307693
Closure/Closure_49	[116, 117, 131, 137, 395, 796, 872, 2525, 3153, 3252, 3253]	0.010714262212309882	0.008547008547008548
Closure/Closure_50	[173, 204, 205, 302, 397]	0.011166092999247737	0.005747126436781609
Closure/Closure_51	[31]	0.03125	0.03125
Closure/Closure_52	[5]	0.16666666666666666	0.16666666666666666
Closure/Closure_53	[86]	0.011494252873563218	0.011494252873563218
Closure/Closure_54	[22, 4809, 4810, 4811, 4812, 4813, 4814]	0.007012556511186352	0.043478260869565216
Closure/Closure_55	[140]	0.0070921985815602835	0.0070921985815602835
Closure/Closure_56	[36, 99]	0.023513513513513516	0.02702702702702703
Closure/Closure_57	[10]	0.09090909090909091	0.09090909090909091
Closure/Closure_58	[1]	0.5	0.5
Closure/Closure_59	[138]	0.007194244604316547	0.007194244604316547
Closure/Closure_60	[9]	0.1	0.1
Closure/Closure_61	[59, 90, 98]	0.022982572982572985	0.016666666666666666
Closure/Closure_62	[0]	1.0	1.0
Closure/Closure_64	[13, 75]	0.04887218045112782	0.07142857142857142
Closure/Closure_65	[0]	1.0	1.0
Closure/Closure_66	[88]	0.011235955056179775	0.011235955056179775
Closure/Closure_67	[251]	0.003968253968253968	0.003968253968253968
Closure/Closure_68	[2]	0.3333333333333333	0.3333333333333333
Closure/Closure_69	[206]	0.004830917874396135	0.004830917874396135
Closure/Closure_70	[351]	0.002840909090909091	0.002840909090909091
Closure/Closure_71	[55]	0.017857142857142856	0.017857142857142856
Closure/Closure_72	[1212]	8.244023083264633E-4	8.244023083264633E-4
Closure/Closure_73	[4]	0.2	0.2
Closure/Closure_74	[128, 168]	0.00979312875556167	0.007751937984496124
Closure/Closure_75	[27, 55]	0.03571428571428571	0.03571428571428571
Closure/Closure_76	[141, 238, 242, 319, 320, 450, 1175]	0.010726943958791828	0.007042253521126761
Closure/Closure_77	[76, 282]	0.010027075398100133	0.012987012987012988
Closure/Closure_78	[0]	1.0	1.0
Closure/Closure_79	[14, 2401]	0.0337496530668887	0.06666666666666667
Closure/Closure_80	[1, 28, 168, 451]	0.148891638513361	0.5
Closure/Closure_81	[11]	0.08333333333333333	0.08333333333333333
Closure/Closure_82	[669]	0.0014925373134328358	0.0014925373134328358
Closure/Closure_83	[11]	0.08333333333333333	0.08333333333333333
Closure/Closure_84	[17, 18]	0.0804093567251462	0.05555555555555555
Closure/Closure_85	[267, 268, 269, 1038, 1039, 1040, 1109]	0.006143563091118687	0.0037313432835820895
Closure/Closure_86	[1]	0.5	0.5
Closure/Closure_87	[154]	0.0064516129032258064	0.0064516129032258064
Closure/Closure_88	[53, 136]	0.016558529332251957	0.018518518518518517
Closure/Closure_89	[77, 595]	0.008088108759249698	0.01282051282051282
Closure/Closure_90	[19, 2044]	0.025488997555012226	0.05
Closure/Closure_91	[51, 59, 80, 677]	0.023875211153972217	0.019230769230769232
Closure/Closure_92	[171]	0.005813953488372093	0.005813953488372093
Closure/Closure_94	[2, 5]	0.3333333333333333	0.3333333333333333
Closure/Closure_95	[1685, 1686]	8.893281327238297E-4	5.931198102016608E-4
Closure/Closure_96	[22]	0.043478260869565216	0.043478260869565216
Closure/Closure_97	[8]	0.1111111111111111	0.1111111111111111
Closure/Closure_98	[350, 1426]	0.0021252722724341504	0.002849002849002849
Closure/Closure_99	[1, 65, 78]	0.18942590461577802	0.5
Closure/Closure_100	[15, 17, 528]	0.059760729538612334	0.0625
Closure/Closure_103	[1252, 2239, 4535]	7.841058004000276E-4	7.980845969672786E-4
Closure/Closure_104	[11]	0.08333333333333333	0.08333333333333333
Closure/Closure_105	[24, 57, 58, 81, 82]	0.04687033358162161	0.04
Closure/Closure_106	[77, 1236]	0.007218663847604834	0.01282051282051282
Closure/Closure_107	[20]	0.047619047619047616	0.047619047619047616
Closure/Closure_108	[2, 6, 243, 308, 490, 492, 494, 837, 838, 839, 840, 841, 1518]	0.057603911662542355	0.3333333333333333
Closure/Closure_109	[10]	0.09090909090909091	0.09090909090909091
Closure/Closure_110	[1, 13, 14, 15, 16]	0.27739495798319325	0.5
Closure/Closure_111	[2]	0.3333333333333333	0.3333333333333333
Closure/Closure_112	[87]	0.011363636363636364	0.011363636363636364
Closure/Closure_113	[8]	0.1111111111111111	0.1111111111111111
Closure/Closure_114	[225]	0.004424778761061947	0.004424778761061947
Closure/Closure_115	[4, 10, 11, 47, 57, 470, 2345, 2352]	0.10256012280313598	0.2
Closure/Closure_116	[77, 2444]	0.006819254365266635	0.01282051282051282
Closure/Closure_117	[91]	0.010869565217391304	0.010869565217391304
Closure/Closure_118	[2]	0.3333333333333333	0.3333333333333333
Closure/Closure_119	[]	0.0	0.0
Closure/Closure_120	[135, 197]	0.008726975638740345	0.007352941176470588
Closure/Closure_121	[187]	0.005319148936170213	0.005319148936170213
Closure/Closure_122	[0]	1.0	1.0
Closure/Closure_123	[331]	0.0030120481927710845	0.0030120481927710845
Closure/Closure_124	[292]	0.0034129692832764505	0.0034129692832764505
Closure/Closure_125	[171]	0.005813953488372093	0.005813953488372093
Closure/Closure_126	[25, 26, 64]	0.052896486229819566	0.038461538461538464
Closure/Closure_127	[218]	0.0045662100456621	0.0045662100456621
Closure/Closure_128	[0, 19]	0.55	1.0
Closure/Closure_129	[3820]	2.6171159382360636E-4	2.6171159382360636E-4
Closure/Closure_130	[236]	0.004219409282700422	0.004219409282700422
Closure/Closure_131	[53, 1036]	0.010223579413550484	0.018518518518518517
Closure/Closure_132	[113]	0.008771929824561403	0.008771929824561403
Closure/Closure_133	[80, 81]	0.018367961457392352	0.012345679012345678
MAP	0.1354689520747753
MRR	0.1568448736424369
