Closure/Closure_1	[5805]	1.722356183258698E-4	1.722356183258698E-4
Closure/Closure_2	[0]	1.0	1.0
Closure/Closure_3	[2314, 2315]	6.47761650570545E-4	4.3196544276457883E-4
Closure/Closure_4	[2612]	3.827018752391887E-4	3.827018752391887E-4
Closure/Closure_5	[1793]	5.574136008918618E-4	5.574136008918618E-4
Closure/Closure_6	[2686, 2687, 2688, 2689]	9.297137768033614E-4	3.721622627465575E-4
Closure/Closure_7	[1126]	8.873114463176575E-4	8.873114463176575E-4
Closure/Closure_8	[1479]	6.756756756756757E-4	6.756756756756757E-4
Closure/Closure_9	[17]	0.05555555555555555	0.05555555555555555
Closure/Closure_10	[1516]	6.591957811470006E-4	6.591957811470006E-4
Closure/Closure_11	[2447, 2448]	6.125782965969838E-4	4.084967320261438E-4
Closure/Closure_12	[2277]	4.389815627743635E-4	4.389815627743635E-4
Closure/Closure_13	[4067, 4068]	3.6867115028782027E-4	2.458210422812193E-4
Closure/Closure_14	[2472]	4.043671653861706E-4	4.043671653861706E-4
Closure/Closure_15	[2056, 2057, 2058]	9.716600464692716E-4	4.861448711716091E-4
Closure/Closure_16	[3724, 3725, 3726, 3727]	6.707808371365037E-4	2.6845637583892615E-4
Closure/Closure_17	[2524]	3.9603960396039607E-4	3.9603960396039607E-4
Closure/Closure_18	[2309]	4.329004329004329E-4	4.329004329004329E-4
Closure/Closure_19	[0, 1936]	0.5005162622612287	1.0
Closure/Closure_20	[1470]	6.798096532970768E-4	6.798096532970768E-4
Closure/Closure_21	[1607, 1608]	9.324493134080993E-4	6.218905472636816E-4
Closure/Closure_22	[1603, 1604, 1605, 1606, 1607, 1608, 1609, 1610, 1611, 1612]	0.0034161569826898323	6.234413965087282E-4
Closure/Closure_23	[1219]	8.19672131147541E-4	8.19672131147541E-4
Closure/Closure_24	[1415, 1416, 1417]	0.0014111010488910732	7.062146892655367E-4
Closure/Closure_25	[1967, 1968, 1969, 1970, 1971]	0.001522328079552623	5.081300813008131E-4
Closure/Closure_26	[4092, 4093]	3.6641967752442566E-4	2.443195699975568E-4
Closure/Closure_27	[0, 2]	0.8333333333333333	1.0
Closure/Closure_28	[1917]	5.213764337851929E-4	5.213764337851929E-4
Closure/Closure_29	[4926, 4927, 4928, 4929]	5.072022931455048E-4	2.0296326364927948E-4
Closure/Closure_30	[2118, 2119, 2120, 2121]	0.0011786895595855078	4.7192071731949034E-4
Closure/Closure_31	[1635]	6.112469437652812E-4	6.112469437652812E-4
Closure/Closure_32	[2149, 2150, 2151, 2152, 2153, 2154]	0.001625387776190215	4.6511627906976747E-4
Closure/Closure_33	[2706]	3.694126339120798E-4	3.694126339120798E-4
Closure/Closure_34	[1]	0.5	0.5
Closure/Closure_35	[2626]	3.8066235249333843E-4	3.8066235249333843E-4
Closure/Closure_36	[4822]	2.0733982998133942E-4	2.0733982998133942E-4
Closure/Closure_37	[4, 1156]	0.10086430423509075	0.2
Closure/Closure_38	[701]	0.0014245014245014246	0.0014245014245014246
Closure/Closure_39	[381, 382, 383]	0.0052174110540009755	0.002617801047120419
Closure/Closure_40	[2743]	3.6443148688046647E-4	3.6443148688046647E-4
Closure/Closure_41	[2455, 2456]	6.105834688896578E-4	4.0716612377850165E-4
Closure/Closure_42	[542]	0.001841620626151013	0.001841620626151013
Closure/Closure_43	[2622, 2623, 2624, 2625, 2626, 2627]	0.0013326568579673595	3.812428516965307E-4
Closure/Closure_44	[722, 723]	0.0020727784018400924	0.0013831258644536654
Closure/Closure_45	[1723, 1724, 1725, 1726, 1727, 1728, 1729, 1730]	0.002603165750126705	5.80046403712297E-4
Closure/Closure_46	[]	0.0	0.0
Closure/Closure_47	[2240, 2241, 2242, 2243, 2244, 2245]	0.001559483831004161	4.462293618920125E-4
Closure/Closure_48	[2361, 2362]	6.348758717785447E-4	4.233700254022015E-4
Closure/Closure_49	[2694, 2695, 2696, 2697, 2698, 2699, 2700, 2701, 2702, 2703, 2704]	0.0022208535250835947	3.7105751391465676E-4
Closure/Closure_50	[1391, 1392, 1393, 1394, 1395]	0.002151053346412322	7.183908045977011E-4
Closure/Closure_51	[683]	0.0014619883040935672	0.0014619883040935672
Closure/Closure_52	[720]	0.0013869625520110957	0.0013869625520110957
Closure/Closure_53	[1594]	6.269592476489029E-4	6.269592476489029E-4
Closure/Closure_54	[2977, 2978, 2979, 2980, 2981, 2982, 2983]	0.0013413820757652915	3.35795836131632E-4
Closure/Closure_55	[1505]	6.640106241699867E-4	6.640106241699867E-4
Closure/Closure_56	[593, 594]	0.002522423110658405	0.0016835016835016834
Closure/Closure_57	[628]	0.001589825119236884	0.001589825119236884
Closure/Closure_58	[1]	0.5	0.5
Closure/Closure_59	[4336]	2.3057412958266084E-4	2.3057412958266084E-4
Closure/Closure_60	[3890]	2.5700334104343357E-4	2.5700334104343357E-4
Closure/Closure_61	[1268, 1269, 1270]	0.0015743904661103703	7.880220646178094E-4
Closure/Closure_62	[35]	0.027777777777777776	0.027777777777777776
Closure/Closure_64	[3016, 3017]	4.970728056805559E-4	3.3145508783559825E-4
Closure/Closure_65	[669]	0.0014925373134328358	0.0014925373134328358
Closure/Closure_66	[1696]	5.892751915144372E-4	5.892751915144372E-4
Closure/Closure_67	[1531]	6.527415143603133E-4	6.527415143603133E-4
Closure/Closure_68	[537]	0.0018587360594795538	0.0018587360594795538
Closure/Closure_69	[2508]	3.9856516540454366E-4	3.9856516540454366E-4
Closure/Closure_70	[2398]	4.1684035014589413E-4	4.1684035014589413E-4
Closure/Closure_71	[2278]	4.3878894251864854E-4	4.3878894251864854E-4
Closure/Closure_72	[1762]	5.672149744753262E-4	5.672149744753262E-4
Closure/Closure_73	[661]	0.0015105740181268882	0.0015105740181268882
Closure/Closure_74	[1321, 1322]	0.0011340727247362216	7.564296520423601E-4
Closure/Closure_75	[1188, 1189]	0.001260857581047558	8.410428931875525E-4
Closure/Closure_76	[1610, 1611, 1612, 1613, 1614, 1615, 1616]	0.002476783036341327	6.207324643078833E-4
Closure/Closure_77	[635, 636]	0.0023560222347284343	0.0015723270440251573
Closure/Closure_78	[1228]	8.136696501220504E-4	8.136696501220504E-4
Closure/Closure_79	[1240, 1241]	0.0012080538654479726	8.058017727639E-4
Closure/Closure_80	[659, 660, 661, 662]	0.00377644367036809	0.0015151515151515152
Closure/Closure_81	[475]	0.0021008403361344537	0.0021008403361344537
Closure/Closure_82	[2182]	4.580852038479157E-4	4.580852038479157E-4
Closure/Closure_83	[87]	0.011363636363636364	0.011363636363636364
Closure/Closure_84	[480, 481]	0.0031141898361815375	0.002079002079002079
Closure/Closure_85	[1434, 1435, 1436, 1437, 1438, 1439, 1440]	0.0027797121606183113	6.968641114982578E-4
Closure/Closure_86	[2902]	3.444712366517396E-4	3.444712366517396E-4
Closure/Closure_87	[1230]	8.123476848090983E-4	8.123476848090983E-4
Closure/Closure_88	[3492, 3493]	4.2934835244124684E-4	2.86286859433152E-4
Closure/Closure_89	[1802, 1803]	8.31639310191317E-4	5.546311702717693E-4
Closure/Closure_90	[2216, 2217]	6.763866230818257E-4	4.510599909788002E-4
Closure/Closure_91	[1162, 1163, 1164, 1165]	0.0021459243287085235	8.598452278589854E-4
Closure/Closure_92	[1256]	7.955449482895784E-4	7.955449482895784E-4
Closure/Closure_94	[1278, 1279]	0.0011721804143862394	7.818608287724785E-4
Closure/Closure_95	[2379, 2380]	6.300756337814421E-4	4.201680672268908E-4
Closure/Closure_96	[2000]	4.997501249375312E-4	4.997501249375312E-4
Closure/Closure_97	[1048]	9.532888465204957E-4	9.532888465204957E-4
Closure/Closure_98	[1444, 1445]	0.0010375836934725074	6.920415224913495E-4
Closure/Closure_99	[1123, 1124, 1125]	0.001777251964833743	8.896797153024911E-4
Closure/Closure_100	[941, 942, 943]	0.0021201426670284804	0.0010615711252653928
Closure/Closure_103	[2288, 2289, 2290]	8.732354294250583E-4	4.3687199650502403E-4
Closure/Closure_104	[331]	0.0030120481927710845	0.0030120481927710845
Closure/Closure_105	[1081, 1082, 1083, 1084, 1085]	0.002765830334285676	9.242144177449168E-4
Closure/Closure_106	[1542, 1543]	9.717124637759026E-4	6.480881399870382E-4
Closure/Closure_107	[2650]	3.772161448509996E-4	3.772161448509996E-4
Closure/Closure_108	[1874, 1875, 1876, 1877, 1878, 1879, 1880, 1881, 1882, 1883, 1884, 1885, 1886]	0.003717482613536438	5.333333333333334E-4
Closure/Closure_109	[640]	0.0015600624024961	0.0015600624024961
Closure/Closure_110	[1469, 1470, 1471, 1472, 1473]	0.002037122331046867	6.802721088435374E-4
Closure/Closure_111	[1172]	8.525149190110827E-4	8.525149190110827E-4
Closure/Closure_112	[3057]	3.270111183780249E-4	3.270111183780249E-4
Closure/Closure_113	[1493]	6.693440428380187E-4	6.693440428380187E-4
Closure/Closure_114	[2051]	4.873294346978557E-4	4.873294346978557E-4
Closure/Closure_115	[2656, 2657, 2658, 2659, 2660, 2661, 2662, 2663]	0.0016906709347202357	3.763643206624012E-4
Closure/Closure_116	[2920, 2921]	5.134056037835017E-4	3.4234851078397807E-4
Closure/Closure_117	[2821]	3.5435861091424523E-4	3.5435861091424523E-4
Closure/Closure_118	[3164]	3.15955766192733E-4	3.15955766192733E-4
Closure/Closure_119	[]	0.0	0.0
Closure/Closure_120	[1898, 1899]	7.896122613009616E-4	5.26592943654555E-4
Closure/Closure_121	[1918]	5.211047420531526E-4	5.211047420531526E-4
Closure/Closure_122	[574]	0.0017391304347826088	0.0017391304347826088
Closure/Closure_123	[972]	0.0010277492291880781	0.0010277492291880781
Closure/Closure_124	[1456]	6.863417982155113E-4	6.863417982155113E-4
Closure/Closure_125	[2844]	3.51493848857645E-4	3.51493848857645E-4
Closure/Closure_126	[1669, 1670, 1671]	0.0011966496197929391	5.988023952095808E-4
Closure/Closure_127	[1900]	5.260389268805891E-4	5.260389268805891E-4
Closure/Closure_128	[779, 780]	0.0019214353721395973	0.001282051282051282
Closure/Closure_129	[3384]	2.954209748892171E-4	2.954209748892171E-4
Closure/Closure_130	[2034]	4.914004914004914E-4	4.914004914004914E-4
Closure/Closure_131	[1467, 1468]	0.0010213346490504022	6.811989100817438E-4
Closure/Closure_132	[1560]	6.406149903907751E-4	6.406149903907751E-4
Closure/Closure_133	[664, 665]	0.002253381200749622	0.0015037593984962407
MAP	0.028410628439672028
MRR	0.033969164640772556
