Closure/Closure_1	[99]	0.01	0.01
Closure/Closure_2	[1929]	5.181347150259067E-4	5.181347150259067E-4
Closure/Closure_3	[142, 1729]	0.0040745381785844215	0.006993006993006993
Closure/Closure_4	[2611]	3.8284839203675346E-4	3.8284839203675346E-4
Closure/Closure_5	[8]	0.1111111111111111	0.1111111111111111
Closure/Closure_6	[2686, 2687, 2688, 2689]	9.297137768033614E-4	3.721622627465575E-4
Closure/Closure_7	[1126]	8.873114463176575E-4	8.873114463176575E-4
Closure/Closure_8	[1092]	9.149130832570906E-4	9.149130832570906E-4
Closure/Closure_9	[31]	0.03125	0.03125
Closure/Closure_10	[1516]	6.591957811470006E-4	6.591957811470006E-4
Closure/Closure_11	[2447, 2448]	6.125782965969838E-4	4.084967320261438E-4
Closure/Closure_12	[10]	0.09090909090909091	0.09090909090909091
Closure/Closure_13	[7067, 7543]	2.0329704293573533E-4	1.414827391058291E-4
Closure/Closure_14	[2472]	4.043671653861706E-4	4.043671653861706E-4
Closure/Closure_15	[2927, 2928, 2929]	6.827492476692458E-4	3.4153005464480874E-4
Closure/Closure_16	[5392, 5393, 5410, 5411]	4.6243309284755066E-4	1.8542555164101615E-4
Closure/Closure_17	[2524]	3.9603960396039607E-4	3.9603960396039607E-4
Closure/Closure_18	[2309]	4.329004329004329E-4	4.329004329004329E-4
Closure/Closure_19	[1932, 1933]	7.757283688144356E-4	5.173305742369374E-4
Closure/Closure_20	[1060]	9.42507068803016E-4	9.42507068803016E-4
Closure/Closure_21	[2303, 2310]	6.497270000961584E-4	4.3402777777777775E-4
Closure/Closure_22	[1603, 1604, 1605, 1606, 1607, 1608, 1609, 1610, 1611, 1612]	0.0034161569826898323	6.234413965087282E-4
Closure/Closure_23	[919]	0.0010869565217391304	0.0010869565217391304
Closure/Closure_24	[3, 1022, 2051]	0.08447234083906409	0.25
Closure/Closure_25	[1967, 1968, 1969, 1970, 1971]	0.001522328079552623	5.081300813008131E-4
Closure/Closure_26	[4092, 4093]	3.6641967752442566E-4	2.443195699975568E-4
Closure/Closure_27	[16, 17]	0.08496732026143791	0.058823529411764705
Closure/Closure_28	[4]	0.2	0.2
Closure/Closure_29	[87, 3364, 3365, 3366]	0.0035093141973003873	0.011363636363636364
Closure/Closure_30	[61, 1672, 1673, 3266]	0.0050852422691340955	0.016129032258064516
Closure/Closure_31	[22]	0.043478260869565216	0.043478260869565216
Closure/Closure_32	[2149, 2150, 2151, 2152, 2153, 2154]	0.001625387776190215	4.6511627906976747E-4
Closure/Closure_33	[2706]	3.694126339120798E-4	3.694126339120798E-4
Closure/Closure_34	[76]	0.012987012987012988	0.012987012987012988
Closure/Closure_35	[2626]	3.8066235249333843E-4	3.8066235249333843E-4
Closure/Closure_36	[49]	0.02	0.02
Closure/Closure_37	[1966, 2112]	7.274549710545823E-4	5.083884087442806E-4
Closure/Closure_38	[0]	1.0	1.0
Closure/Closure_39	[381, 382, 383]	0.0052174110540009755	0.002617801047120419
Closure/Closure_40	[2]	0.3333333333333333	0.3333333333333333
Closure/Closure_41	[2455, 2456]	6.105834688896578E-4	4.0716612377850165E-4
Closure/Closure_42	[542]	0.001841620626151013	0.001841620626151013
Closure/Closure_43	[2622, 2623, 2624, 2625, 2626, 2627]	0.0013326568579673595	3.812428516965307E-4
Closure/Closure_44	[722, 723]	0.0020727784018400924	0.0013831258644536654
Closure/Closure_45	[48, 64, 70, 1265, 1266, 1267, 1268, 1269]	0.014635503873236692	0.02040816326530612
Closure/Closure_46	[]	0.0	0.0
Closure/Closure_47	[2240, 2241, 2242, 2243, 2244, 2245]	0.001559483831004161	4.462293618920125E-4
Closure/Closure_48	[2361, 2362]	6.348758717785447E-4	4.233700254022015E-4
Closure/Closure_49	[29, 30, 32, 1431, 1432, 1433, 3343, 3705, 4616, 4657, 4860]	0.019076015193011192	0.03333333333333333
Closure/Closure_50	[29, 33, 1050, 2148, 2258]	0.01981719734032894	0.03333333333333333
Closure/Closure_51	[0]	1.0	1.0
Closure/Closure_52	[1099]	9.090909090909091E-4	9.090909090909091E-4
Closure/Closure_53	[2326]	4.297378599054577E-4	4.297378599054577E-4
Closure/Closure_54	[2977, 2978, 2979, 2980, 2981, 2982, 2983]	0.0013413820757652915	3.35795836131632E-4
Closure/Closure_55	[9]	0.1	0.1
Closure/Closure_56	[593, 594]	0.002522423110658405	0.0016835016835016834
Closure/Closure_57	[628]	0.001589825119236884	0.001589825119236884
Closure/Closure_58	[946]	0.0010559662090813093	0.0010559662090813093
Closure/Closure_59	[130]	0.007633587786259542	0.007633587786259542
Closure/Closure_60	[3890]	2.5700334104343357E-4	2.5700334104343357E-4
Closure/Closure_61	[29, 1882, 1901]	0.011990918430236855	0.03333333333333333
Closure/Closure_62	[0]	1.0	1.0
Closure/Closure_64	[5393, 5465]	2.7564472782906727E-4	1.853911753800519E-4
Closure/Closure_65	[669]	0.0014925373134328358	0.0014925373134328358
Closure/Closure_66	[4]	0.2	0.2
Closure/Closure_67	[49]	0.02	0.02
Closure/Closure_68	[406]	0.002457002457002457	0.002457002457002457
Closure/Closure_69	[2508]	3.9856516540454366E-4	3.9856516540454366E-4
Closure/Closure_70	[2398]	4.1684035014589413E-4	4.1684035014589413E-4
Closure/Closure_71	[2278]	4.3878894251864854E-4	4.3878894251864854E-4
Closure/Closure_72	[1269]	7.874015748031496E-4	7.874015748031496E-4
Closure/Closure_73	[0]	1.0	1.0
Closure/Closure_74	[11, 2046]	0.04215518645171796	0.08333333333333333
Closure/Closure_75	[892, 1788]	0.0011188819067875916	0.0011198208286674132
Closure/Closure_76	[90, 1219, 2410, 2444, 2482, 2483, 2505]	0.00324729888333011	0.01098901098901099
Closure/Closure_77	[635, 636]	0.0023560222347284343	0.0015723270440251573
Closure/Closure_78	[961]	0.0010395010395010396	0.0010395010395010396
Closure/Closure_79	[933, 1848]	0.0010761647884208491	0.0010706638115631692
Closure/Closure_80	[460, 461, 462, 935]	0.004312796910235102	0.0021691973969631237
Closure/Closure_81	[475]	0.0021008403361344537	0.0021008403361344537
Closure/Closure_82	[2182]	4.580852038479157E-4	4.580852038479157E-4
Closure/Closure_83	[167]	0.005952380952380952	0.005952380952380952
Closure/Closure_84	[480, 481]	0.0031141898361815375	0.002079002079002079
Closure/Closure_85	[21, 22, 23, 1053, 1054, 1055, 1056]	0.03974997211976267	0.045454545454545456
Closure/Closure_86	[2902]	3.444712366517396E-4	3.444712366517396E-4
Closure/Closure_87	[1897]	5.268703898840885E-4	5.268703898840885E-4
Closure/Closure_88	[14, 2518]	0.033730316263067356	0.06666666666666667
Closure/Closure_89	[99, 2771]	0.005360750360750361	0.01
Closure/Closure_90	[2216, 2217]	6.763866230818257E-4	4.510599909788002E-4
Closure/Closure_91	[5, 41, 48, 930]	0.0699516648764769	0.16666666666666666
Closure/Closure_92	[1837]	5.44069640914037E-4	5.44069640914037E-4
Closure/Closure_94	[1278, 1279]	0.0011721804143862394	7.818608287724785E-4
Closure/Closure_95	[2379, 2380]	6.300756337814421E-4	4.201680672268908E-4
Closure/Closure_96	[2000]	4.997501249375312E-4	4.997501249375312E-4
Closure/Closure_97	[766]	0.001303780964797914	0.001303780964797914
Closure/Closure_98	[12, 1049]	0.03941391941391942	0.07692307692307693
Closure/Closure_99	[51, 56, 1745]	0.018678900529144695	0.019230769230769232
Closure/Closure_100	[1, 748, 1456]	0.16824308412131297	0.5
Closure/Closure_103	[1471, 1472, 1473]	0.0013574664108783445	6.793478260869565E-4
Closure/Closure_104	[244]	0.004081632653061225	0.004081632653061225
Closure/Closure_105	[760, 761, 1523, 1532, 1551]	0.0023476297335140984	0.001314060446780552
Closure/Closure_106	[15, 1024]	0.03222560975609756	0.0625
Closure/Closure_107	[2]	0.3333333333333333	0.3333333333333333
Closure/Closure_108	[1378, 1379, 1380, 1381, 1382, 1383, 2671, 2687, 2842, 2843, 3111, 3113, 3115]	0.003002292482407284	7.251631617113851E-4
Closure/Closure_109	[948]	0.001053740779768177	0.001053740779768177
Closure/Closure_110	[1469, 1470, 1471, 1472, 1473]	0.002037122331046867	6.802721088435374E-4
Closure/Closure_111	[930]	0.0010741138560687433	0.0010741138560687433
Closure/Closure_112	[3057]	3.270111183780249E-4	3.270111183780249E-4
Closure/Closure_113	[0]	1.0	1.0
Closure/Closure_114	[11]	0.08333333333333333	0.08333333333333333
Closure/Closure_115	[2, 5, 28, 29, 54, 1619, 1620, 4150]	0.12553832986811814	0.3333333333333333
Closure/Closure_116	[22, 1867]	0.022274462340564193	0.043478260869565216
Closure/Closure_117	[2821]	3.5435861091424523E-4	3.5435861091424523E-4
Closure/Closure_118	[3164]	3.15955766192733E-4	3.15955766192733E-4
Closure/Closure_119	[]	0.0	0.0
Closure/Closure_120	[1898, 1899]	7.896122613009616E-4	5.26592943654555E-4
Closure/Closure_121	[138]	0.007194244604316547	0.007194244604316547
Closure/Closure_122	[0]	1.0	1.0
Closure/Closure_123	[972]	0.0010277492291880781	0.0010277492291880781
Closure/Closure_124	[1080]	9.250693802035153E-4	9.250693802035153E-4
Closure/Closure_125	[2838]	3.522367030644593E-4	3.522367030644593E-4
Closure/Closure_126	[1, 20, 1171]	0.19926594073351753	0.5
Closure/Closure_127	[9]	0.1	0.1
Closure/Closure_128	[4, 1198]	0.10083402835696414	0.2
Closure/Closure_129	[3384]	2.954209748892171E-4	2.954209748892171E-4
Closure/Closure_130	[115]	0.008620689655172414	0.008620689655172414
Closure/Closure_131	[33, 1023]	0.015682444852941176	0.029411764705882353
Closure/Closure_132	[2208]	4.526935264825713E-4	4.526935264825713E-4
Closure/Closure_133	[1077, 1078]	0.0013906059517075008	9.276437847866419E-4
MAP	0.06955477752105094
MRR	0.08057751016787155
