Closure/Closure_1	[5806]	1.7220595832615808E-4	1.7220595832615808E-4
Closure/Closure_2	[1930]	5.178663904712584E-4	5.178663904712584E-4
Closure/Closure_3	[2314, 2315]	6.47761650570545E-4	4.3196544276457883E-4
Closure/Closure_4	[2611]	3.8284839203675346E-4	3.8284839203675346E-4
Closure/Closure_5	[1794]	5.571030640668524E-4	5.571030640668524E-4
Closure/Closure_6	[0, 2687, 2688, 2689]	0.25083667321111675	1.0
Closure/Closure_7	[1126]	8.873114463176575E-4	8.873114463176575E-4
Closure/Closure_8	[1480]	6.752194463200541E-4	6.752194463200541E-4
Closure/Closure_9	[17]	0.05555555555555555	0.05555555555555555
Closure/Closure_10	[1516]	6.591957811470006E-4	6.591957811470006E-4
Closure/Closure_11	[2447, 2448]	6.125782965969838E-4	4.084967320261438E-4
Closure/Closure_12	[2277]	4.389815627743635E-4	4.389815627743635E-4
Closure/Closure_13	[4068, 4069]	3.68580560273851E-4	2.457606291472106E-4
Closure/Closure_14	[2493]	4.0096230954290296E-4	4.0096230954290296E-4
Closure/Closure_15	[2056, 2057, 2058]	9.716600464692716E-4	4.861448711716091E-4
Closure/Closure_16	[3724, 3725, 3726, 3727]	6.707808371365037E-4	2.6845637583892615E-4
Closure/Closure_17	[2524]	3.9603960396039607E-4	3.9603960396039607E-4
Closure/Closure_18	[2310]	4.3271311120726956E-4	4.3271311120726956E-4
Closure/Closure_19	[1942, 1943]	7.717373117384556E-4	5.14668039114771E-4
Closure/Closure_20	[1471]	6.793478260869565E-4	6.793478260869565E-4
Closure/Closure_21	[1607, 1608]	9.324493134080993E-4	6.218905472636816E-4
Closure/Closure_22	[0, 1604, 1605, 1606, 1607, 1608, 1609, 1610, 1611, 1612]	0.10335381284303899	1.0
Closure/Closure_23	[1219]	8.19672131147541E-4	8.19672131147541E-4
Closure/Closure_24	[1415, 1416, 1417]	0.0014111010488910732	7.062146892655367E-4
Closure/Closure_25	[1967, 1968, 1969, 1970, 1971]	0.001522328079552623	5.081300813008131E-4
Closure/Closure_26	[4093, 4094]	3.6633019046306784E-4	2.442598925256473E-4
Closure/Closure_27	[22, 23]	0.06340579710144928	0.043478260869565216
Closure/Closure_28	[1917]	5.213764337851929E-4	5.213764337851929E-4
Closure/Closure_29	[4927, 4928, 4929, 4930]	5.070994123473519E-4	2.0292207792207794E-4
Closure/Closure_30	[2123, 2124, 2125, 2126]	0.001175917475667398	4.7080979284369113E-4
Closure/Closure_31	[1636]	6.108735491753207E-4	6.108735491753207E-4
Closure/Closure_32	[2149, 2150, 2151, 2152, 2153, 2154]	0.001625387776190215	4.6511627906976747E-4
Closure/Closure_33	[2722]	3.672420124862284E-4	3.672420124862284E-4
Closure/Closure_34	[76]	0.012987012987012988	0.012987012987012988
Closure/Closure_35	[2647]	3.7764350453172205E-4	3.7764350453172205E-4
Closure/Closure_36	[4822]	2.0733982998133942E-4	2.0733982998133942E-4
Closure/Closure_37	[1146, 1147]	0.0013069999301313228	8.718395815170009E-4
Closure/Closure_38	[701]	0.0014245014245014246	0.0014245014245014246
Closure/Closure_39	[381, 382, 383]	0.0052174110540009755	0.002617801047120419
Closure/Closure_40	[2743]	3.6443148688046647E-4	3.6443148688046647E-4
Closure/Closure_41	[2465, 2466]	6.081081303210489E-4	4.0551500405515005E-4
Closure/Closure_42	[542]	0.001841620626151013	0.001841620626151013
Closure/Closure_43	[2622, 2623, 2624, 2625, 2626, 2627]	0.0013326568579673595	3.812428516965307E-4
Closure/Closure_44	[722, 723]	0.0020727784018400924	0.0013831258644536654
Closure/Closure_45	[1724, 1725, 1726, 1727, 1728, 1729, 1730, 1731]	0.0026016607361396145	5.797101449275362E-4
Closure/Closure_46	[]	0.0	0.0
Closure/Closure_47	[2240, 2241, 2242, 2243, 2244, 2245]	0.001559483831004161	4.462293618920125E-4
Closure/Closure_48	[2361, 2362]	6.348758717785447E-4	4.233700254022015E-4
Closure/Closure_49	[2694, 2695, 2696, 2697, 2698, 2699, 2700, 2701, 2702, 2703, 2704]	0.0022208535250835947	3.7105751391465676E-4
Closure/Closure_50	[1392, 1393, 1394, 1395, 1396]	0.0021495121067758504	7.178750897343862E-4
Closure/Closure_51	[0]	1.0	1.0
Closure/Closure_52	[720]	0.0013869625520110957	0.0013869625520110957
Closure/Closure_53	[1588]	6.293266205160479E-4	6.293266205160479E-4
Closure/Closure_54	[2977, 2978, 2979, 2980, 2981, 2982, 2983]	0.0013413820757652915	3.35795836131632E-4
Closure/Closure_55	[1509]	6.622516556291391E-4	6.622516556291391E-4
Closure/Closure_56	[593, 594]	0.002522423110658405	0.0016835016835016834
Closure/Closure_57	[628]	0.001589825119236884	0.001589825119236884
Closure/Closure_58	[1233]	8.103727714748784E-4	8.103727714748784E-4
Closure/Closure_59	[4348]	2.2993791676247414E-4	2.2993791676247414E-4
Closure/Closure_60	[3891]	2.5693730729701953E-4	2.5693730729701953E-4
Closure/Closure_61	[1269, 1270, 1271]	0.0015731520878596288	7.874015748031496E-4
Closure/Closure_62	[35]	0.027777777777777776	0.027777777777777776
Closure/Closure_64	[3016, 3017]	4.970728056805559E-4	3.3145508783559825E-4
Closure/Closure_65	[669]	0.0014925373134328358	0.0014925373134328358
Closure/Closure_66	[1696]	5.892751915144372E-4	5.892751915144372E-4
Closure/Closure_67	[14]	0.06666666666666667	0.06666666666666667
Closure/Closure_68	[537]	0.0018587360594795538	0.0018587360594795538
Closure/Closure_69	[2508]	3.9856516540454366E-4	3.9856516540454366E-4
Closure/Closure_70	[2398]	4.1684035014589413E-4	4.1684035014589413E-4
Closure/Closure_71	[2278]	4.3878894251864854E-4	4.3878894251864854E-4
Closure/Closure_72	[1763]	5.668934240362812E-4	5.668934240362812E-4
Closure/Closure_73	[661]	0.0015105740181268882	0.0015105740181268882
Closure/Closure_74	[1323, 1324]	0.0011323604856637976	7.552870090634441E-4
Closure/Closure_75	[1188, 1189]	0.001260857581047558	8.410428931875525E-4
Closure/Closure_76	[1612, 1613, 1614, 1615, 1616, 1617, 1618]	0.0024737195994474414	6.199628022318661E-4
Closure/Closure_77	[635, 636]	0.0023560222347284343	0.0015723270440251573
Closure/Closure_78	[1230]	8.123476848090983E-4	8.123476848090983E-4
Closure/Closure_79	[1240, 1241]	0.0012080538654479726	8.058017727639E-4
Closure/Closure_80	[658, 659, 660, 661]	0.0037821569244793876	0.0015174506828528073
Closure/Closure_81	[475]	0.0021008403361344537	0.0021008403361344537
Closure/Closure_82	[2209]	4.5248868778280545E-4	4.5248868778280545E-4
Closure/Closure_83	[87]	0.011363636363636364	0.011363636363636364
Closure/Closure_84	[480, 481]	0.0031141898361815375	0.002079002079002079
Closure/Closure_85	[1429, 1430, 1431, 1432, 1433, 1434, 1435]	0.0027894043512236865	6.993006993006993E-4
Closure/Closure_86	[2902]	3.444712366517396E-4	3.444712366517396E-4
Closure/Closure_87	[1231]	8.116883116883117E-4	8.116883116883117E-4
Closure/Closure_88	[3493, 3494]	4.292254942664842E-4	2.8620492272467084E-4
Closure/Closure_89	[1803, 1804]	8.311784830263312E-4	5.543237250554324E-4
Closure/Closure_90	[2223, 2224]	6.742583461320831E-4	4.496402877697842E-4
Closure/Closure_91	[1167, 1168, 1169, 1170]	0.0021367536984815143	8.561643835616438E-4
Closure/Closure_92	[1257]	7.94912559618442E-4	7.94912559618442E-4
Closure/Closure_94	[1278, 1279]	0.0011721804143862394	7.818608287724785E-4
Closure/Closure_95	[2379, 2380]	6.300756337814421E-4	4.201680672268908E-4
Closure/Closure_96	[2000]	4.997501249375312E-4	4.997501249375312E-4
Closure/Closure_97	[1048]	9.532888465204957E-4	9.532888465204957E-4
Closure/Closure_98	[1450, 1451]	0.0010332951721335908	6.891798759476223E-4
Closure/Closure_99	[6, 1131, 1132]	0.049090588302911194	0.14285714285714285
Closure/Closure_100	[951, 952, 953]	0.0020979033809304013	0.0010504201680672268
Closure/Closure_103	[2293, 2294, 2295]	8.713332316022802E-4	4.3591979075850045E-4
Closure/Closure_104	[2]	0.3333333333333333	0.3333333333333333
Closure/Closure_105	[1084, 1085, 1086, 1087, 1088]	0.002758201606541822	9.216589861751152E-4
Closure/Closure_106	[1539, 1540]	9.736045913852533E-4	6.493506493506494E-4
Closure/Closure_107	[2650]	3.772161448509996E-4	3.772161448509996E-4
Closure/Closure_108	[1878, 1879, 1880, 1881, 1882, 1883, 1884, 1885, 1886, 1887, 1888, 1889, 1890]	0.003709602372845184	5.321979776476849E-4
Closure/Closure_109	[641]	0.001557632398753894	0.001557632398753894
Closure/Closure_110	[1469, 1470, 1471, 1472, 1473]	0.002037122331046867	6.802721088435374E-4
Closure/Closure_111	[1172]	8.525149190110827E-4	8.525149190110827E-4
Closure/Closure_112	[3071]	3.255208333333333E-4	3.255208333333333E-4
Closure/Closure_113	[1493]	6.693440428380187E-4	6.693440428380187E-4
Closure/Closure_114	[2051]	4.873294346978557E-4	4.873294346978557E-4
Closure/Closure_115	[2656, 2657, 2658, 2659, 2660, 2661, 2662, 2663]	0.0016906709347202357	3.763643206624012E-4
Closure/Closure_116	[2921, 2922]	5.132299403606554E-4	3.4223134839151266E-4
Closure/Closure_117	[2821]	3.5435861091424523E-4	3.5435861091424523E-4
Closure/Closure_118	[3181]	3.1426775612822125E-4	3.1426775612822125E-4
Closure/Closure_119	[]	0.0	0.0
Closure/Closure_120	[1898, 1899]	7.896122613009616E-4	5.26592943654555E-4
Closure/Closure_121	[1918]	5.211047420531526E-4	5.211047420531526E-4
Closure/Closure_122	[574]	0.0017391304347826088	0.0017391304347826088
Closure/Closure_123	[972]	0.0010277492291880781	0.0010277492291880781
Closure/Closure_124	[1456]	6.863417982155113E-4	6.863417982155113E-4
Closure/Closure_125	[0]	1.0	1.0
Closure/Closure_126	[3, 1674, 1675]	0.08432800199479928	0.25
Closure/Closure_127	[1900]	5.260389268805891E-4	5.260389268805891E-4
Closure/Closure_128	[779, 780]	0.0019214353721395973	0.001282051282051282
Closure/Closure_129	[3386]	2.952465308532625E-4	2.952465308532625E-4
Closure/Closure_130	[2035]	4.911591355599214E-4	4.911591355599214E-4
Closure/Closure_131	[17, 1485]	0.02845072528787199	0.05555555555555555
Closure/Closure_132	[1560]	6.406149903907751E-4	6.406149903907751E-4
Closure/Closure_133	[662, 663]	0.0022601719093568846	0.0015082956259426848
MAP	0.024900976449745878
MRR	0.03938702673157826
