Math/Math_1	[31, 32]	0.045928030303030304	0.03125
Math/Math_2	[42]	0.023255813953488372	0.023255813953488372
Math/Math_3	[1, 9, 10, 11]	0.3265151515151515	0.5
Math/Math_4	[4, 5]	0.26666666666666666	0.2
Math/Math_5	[3]	0.25	0.25
Math/Math_6	[428, 429, 430, 1813, 1814, 1815, 1816, 1817, 1818, 1819, 1820, 1821, 1822, 1823, 1824, 1825]	0.005332290613960181	0.002331002331002331
Math/Math_7	[235, 236, 237]	0.008427049572600263	0.00423728813559322
Math/Math_8	[63]	0.015625	0.015625
Math/Math_9	[38]	0.02564102564102564	0.02564102564102564
Math/Math_10	[106, 107, 108]	0.018462416230286133	0.009345794392523364
Math/Math_11	[111]	0.008928571428571428	0.008928571428571428
Math/Math_12	[]	0.0	0.0
Math/Math_13	[]	0.0	0.0
Math/Math_14	[8]	0.1111111111111111	0.1111111111111111
Math/Math_15	[4]	0.2	0.2
Math/Math_16	[18, 19, 20, 21]	0.11932672590567327	0.05263157894736842
Math/Math_17	[48]	0.02040816326530612	0.02040816326530612
Math/Math_18	[379, 380]	0.003940461389694709	0.002631578947368421
Math/Math_19	[34]	0.02857142857142857	0.02857142857142857
Math/Math_20	[354]	0.0028169014084507044	0.0028169014084507044
Math/Math_21	[53, 54, 55, 56, 57]	0.05296718372035976	0.018518518518518517
Math/Math_22	[92, 93]	0.01601464195836193	0.010752688172043012
Math/Math_23	[47, 198]	0.015441792294807369	0.020833333333333332
Math/Math_24	[48]	0.02040816326530612	0.02040816326530612
Math/Math_25	[35]	0.027777777777777776	0.027777777777777776
Math/Math_26	[223, 224]	0.0066765873015873015	0.004464285714285714
Math/Math_27	[2]	0.3333333333333333	0.3333333333333333
Math/Math_28	[93, 94]	0.015845464725643896	0.010638297872340425
Math/Math_29	[37, 38, 39, 40, 141]	0.05707401679422508	0.02631578947368421
Math/Math_30	[190]	0.005235602094240838	0.005235602094240838
Math/Math_31	[95, 96, 97, 98, 99, 100, 101, 102, 103, 104, 105, 106]	0.0629545397957723	0.010416666666666666
Math/Math_32	[439]	0.0022727272727272726	0.0022727272727272726
Math/Math_33	[91]	0.010869565217391304	0.010869565217391304
Math/Math_34	[16]	0.058823529411764705	0.058823529411764705
Math/Math_35	[8, 9]	0.15555555555555556	0.1111111111111111
Math/Math_36	[3, 4]	0.325	0.25
Math/Math_37	[48, 49, 50, 51]	0.04903869240003694	0.02040816326530612
Math/Math_38	[26, 171, 172]	0.02200199482540299	0.037037037037037035
Math/Math_39	[102]	0.009708737864077669	0.009708737864077669
Math/Math_40	[47]	0.020833333333333332	0.020833333333333332
Math/Math_41	[14]	0.06666666666666667	0.06666666666666667
Math/Math_42	[238]	0.0041841004184100415	0.0041841004184100415
Math/Math_43	[206, 207, 208]	0.009600123158475561	0.004830917874396135
Math/Math_44	[205, 613]	0.004055848961133424	0.0048543689320388345
Math/Math_45	[3, 4, 5]	0.3833333333333333	0.25
Math/Math_46	[25]	0.038461538461538464	0.038461538461538464
Math/Math_47	[11, 12, 13, 213]	0.11753919756256204	0.08333333333333333
Math/Math_48	[396]	0.0025188916876574307	0.0025188916876574307
Math/Math_49	[37]	0.02631578947368421	0.02631578947368421
Math/Math_50	[193, 194, 195]	0.010239057293549193	0.005154639175257732
Math/Math_51	[26, 229]	0.02286634460547504	0.037037037037037035
Math/Math_52	[49]	0.02	0.02
Math/Math_53	[1]	0.5	0.5
Math/Math_54	[335]	0.002976190476190476	0.002976190476190476
Math/Math_55	[2]	0.3333333333333333	0.3333333333333333
Math/Math_56	[17, 18, 19, 20, 21, 22]	0.16490619940276693	0.05555555555555555
Math/Math_57	[20]	0.047619047619047616	0.047619047619047616
Math/Math_58	[590]	0.001692047377326565	0.001692047377326565
Math/Math_59	[0]	1.0	1.0
Math/Math_60	[21]	0.045454545454545456	0.045454545454545456
Math/Math_61	[299]	0.0033333333333333335	0.0033333333333333335
Math/Math_62	[44, 45, 46, 47]	0.05321590091479082	0.022222222222222223
Math/Math_63	[2]	0.3333333333333333	0.3333333333333333
Math/Math_64	[149, 150, 151, 152, 153, 154, 155, 343, 344]	0.025687123107566167	0.006666666666666667
Math/Math_65	[122, 327, 328, 329, 330, 331]	0.011440904128160822	0.008130081300813009
Math/Math_66	[72, 73, 74, 75, 76, 77, 78, 79, 80, 81, 82, 386, 387]	0.06876371773758663	0.0136986301369863
Math/Math_67	[0]	1.0	1.0
Math/Math_68	[147, 148, 149, 150, 151, 152, 337, 338]	0.022886118015134797	0.006756756756756757
Math/Math_69	[147]	0.006756756756756757	0.006756756756756757
Math/Math_70	[3]	0.25	0.25
Math/Math_71	[101, 102]	0.014610698648391394	0.00980392156862745
Math/Math_72	[6]	0.14285714285714285	0.14285714285714285
Math/Math_73	[45]	0.021739130434782608	0.021739130434782608
Math/Math_74	[549, 550]	0.0027239729417587854	0.0018181818181818182
Math/Math_75	[14]	0.06666666666666667	0.06666666666666667
Math/Math_76	[185, 186, 187, 188, 461, 462]	0.012829078888296147	0.005376344086021506
Math/Math_77	[20, 21, 22, 23, 24, 25, 26]	0.16080829683314155	0.047619047619047616
Math/Math_78	[50]	0.0196078431372549	0.0196078431372549
Math/Math_79	[21, 22]	0.06620553359683795	0.045454545454545456
Math/Math_80	[312]	0.003194888178913738	0.003194888178913738
Math/Math_81	[142, 143, 144]	0.01385718368476989	0.006993006993006993
Math/Math_82	[170]	0.005847953216374269	0.005847953216374269
Math/Math_83	[48, 49, 185]	0.025512398507790215	0.02040816326530612
Math/Math_84	[36]	0.02702702702702703	0.02702702702702703
Math/Math_85	[36]	0.02702702702702703	0.02702702702702703
Math/Math_86	[96, 97]	0.015358720807910793	0.010309278350515464
Math/Math_87	[160, 161]	0.00927842956828464	0.006211180124223602
Math/Math_88	[43, 44, 176, 177, 178]	0.02690514814406087	0.022727272727272728
Math/Math_89	[0]	1.0	1.0
Math/Math_90	[1]	0.5	0.5
Math/Math_91	[2, 3]	0.41666666666666663	0.3333333333333333
Math/Math_92	[8, 9, 10, 11, 23]	0.22510101010101008	0.1111111111111111
Math/Math_93	[2, 3, 7, 8]	0.4131944444444444	0.3333333333333333
Math/Math_94	[0]	1.0	1.0
Math/Math_95	[33, 34, 35]	0.056629318394024276	0.029411764705882353
Math/Math_96	[6]	0.14285714285714285	0.14285714285714285
Math/Math_97	[2, 3, 26]	0.3148148148148148	0.3333333333333333
Math/Math_98	[10, 11, 40, 41]	0.10649614613029247	0.09090909090909091
Math/Math_99	[15, 16]	0.0900735294117647	0.0625
Math/Math_100	[115]	0.008620689655172414	0.008620689655172414
Math/Math_101	[16]	0.058823529411764705	0.058823529411764705
Math/Math_102	[1, 2, 3]	0.6388888888888888	0.5
Math/Math_103	[6]	0.14285714285714285	0.14285714285714285
Math/Math_104	[]	0.0	0.0
Math/Math_105	[7]	0.125	0.125
Math/Math_106	[35, 36]	0.04091591591591592	0.027777777777777776
MAP	0.12517892329099986
MRR	0.11292440162346631
