Time/Time_1	[499, 500, 501, 502]	0.004980099466974979	0.002
Time/Time_2	[849, 850, 851, 852]	0.0029342763455602896	0.001176470588235294
Time/Time_3	[901, 902, 903, 904, 905, 906]	0.0038659898732013864	0.0011086474501108647
Time/Time_4	[852]	0.0011723329425556857	0.0011723329425556857
Time/Time_5	[2, 601, 602, 603]	0.08706330835098669	0.3333333333333333
Time/Time_6	[12, 649, 650]	0.028202764976958523	0.07692307692307693
Time/Time_7	[987]	0.0010121457489878543	0.0010121457489878543
Time/Time_8	[230, 231]	0.006474846992088371	0.004329004329004329
Time/Time_9	[228, 229, 230, 231, 232, 233]	0.015065184967863651	0.004366812227074236
Time/Time_10	[3]	0.25	0.25
Time/Time_11	[629, 630]	0.0023784368475335193	0.0015873015873015873
Time/Time_12	[768, 769, 770, 771, 772, 773]	0.004531738956143473	0.0013003901170351106
Time/Time_13	[663, 664]	0.0022567714466890116	0.0015060240963855422
Time/Time_14	[1024]	9.75609756097561E-4	9.75609756097561E-4
Time/Time_15	[3]	0.25	0.25
Time/Time_16	[1091]	9.157509157509158E-4	9.157509157509158E-4
Time/Time_17	[526, 527, 528, 529, 530]	0.005663971033526077	0.0018975332068311196
Time/Time_18	[4]	0.2	0.2
Time/Time_19	[703]	0.0014204545454545455	0.0014204545454545455
Time/Time_20	[674, 675]	0.002220030681569143	0.0014814814814814814
Time/Time_22	[524]	0.0019047619047619048	0.0019047619047619048
Time/Time_23	[113, 114, 115, 116, 117, 118, 119, 120, 121, 122, 123, 124, 125, 126, 127, 128, 129, 130, 131, 132, 133, 134, 135, 136, 137, 138, 139, 140, 141, 142, 143, 144, 145]	0.12606040199523524	0.008771929824561403
Time/Time_24	[1018, 1019]	0.0014710692913082798	9.813542688910696E-4
Time/Time_25	[715, 716, 717]	0.002788107101378053	0.0013966480446927375
Time/Time_26	[]	0.0	0.0
Time/Time_27	[690]	0.001447178002894356	0.001447178002894356
MAP	0.03864635508244307
MRR	0.04426954774209684
