Closure/Closure_1	[397]	0.002512562814070352	0.002512562814070352
Closure/Closure_2	[66]	0.014925373134328358	0.014925373134328358
Closure/Closure_3	[361, 3771]	0.0016463268163789012	0.0027624309392265192
Closure/Closure_4	[4286]	2.3326335432703523E-4	2.3326335432703523E-4
Closure/Closure_5	[190]	0.005235602094240838	0.005235602094240838
Closure/Closure_6	[214, 215, 259, 260]	0.01019363852162569	0.004651162790697674
Closure/Closure_7	[3]	0.25	0.25
Closure/Closure_8	[706]	0.0014144271570014145	0.0014144271570014145
Closure/Closure_9	[1]	0.5	0.5
Closure/Closure_10	[154]	0.0064516129032258064	0.0064516129032258064
Closure/Closure_11	[728, 3976]	9.37316869668633E-4	0.0013717421124828531
Closure/Closure_12	[273]	0.0036496350364963502	0.0036496350364963502
Closure/Closure_13	[1750, 2192]	7.415474656785269E-4	5.711022272986865E-4
Closure/Closure_14	[279]	0.0035714285714285713	0.0035714285714285713
Closure/Closure_15	[127, 128, 256]	0.011663175906655004	0.0078125
Closure/Closure_16	[105, 111, 122, 123]	0.020984853384965464	0.009433962264150943
Closure/Closure_17	[175]	0.005681818181818182	0.005681818181818182
Closure/Closure_18	[1079]	9.25925925925926E-4	9.25925925925926E-4
Closure/Closure_19	[24, 25]	0.05846153846153847	0.04
Closure/Closure_20	[689]	0.0014492753623188406	0.0014492753623188406
Closure/Closure_21	[9, 28]	0.08448275862068966	0.1
Closure/Closure_22	[21, 58, 59, 64, 65, 72, 78, 82, 132, 137]	0.06739667468109026	0.045454545454545456
Closure/Closure_23	[28]	0.034482758620689655	0.034482758620689655
Closure/Closure_24	[0, 1, 2]	1.0	1.0
Closure/Closure_25	[73, 100, 115, 133, 178]	0.023392253967912405	0.013513513513513514
Closure/Closure_26	[461, 5894]	0.0012518863663901832	0.0021645021645021645
Closure/Closure_27	[0, 4]	0.7	1.0
Closure/Closure_28	[119]	0.008333333333333333	0.008333333333333333
Closure/Closure_29	[449, 3038, 3202, 3264]	0.0012605175536222512	0.0022222222222222222
Closure/Closure_30	[262, 364, 1636, 3417]	0.003071157271442553	0.0038022813688212928
Closure/Closure_31	[61]	0.016129032258064516	0.016129032258064516
Closure/Closure_32	[3, 4, 27, 30, 31, 37]	0.20005330867491308	0.25
Closure/Closure_33	[1]	0.5	0.5
Closure/Closure_34	[25]	0.038461538461538464	0.038461538461538464
Closure/Closure_35	[321]	0.003105590062111801	0.003105590062111801
Closure/Closure_36	[610]	0.0016366612111292963	0.0016366612111292963
Closure/Closure_37	[11, 464]	0.04381720430107527	0.08333333333333333
Closure/Closure_38	[3]	0.25	0.25
Closure/Closure_39	[9, 14, 621]	0.07938549481957842	0.1
Closure/Closure_40	[6]	0.14285714285714285	0.14285714285714285
Closure/Closure_41	[374, 733]	0.002695731153496821	0.0026666666666666666
Closure/Closure_42	[2]	0.3333333333333333	0.3333333333333333
Closure/Closure_43	[699, 945, 3162, 3163, 3164, 3165]	0.0015383900218691366	0.0014285714285714286
Closure/Closure_44	[53, 104]	0.018783068783068783	0.018518518518518517
Closure/Closure_45	[4, 247, 251, 1215, 1216, 1219, 1250, 1378]	0.030460259601798947	0.2
Closure/Closure_46	[]	0.0	0.0
Closure/Closure_47	[258, 324, 325, 348, 455, 2103]	0.007415874226912288	0.003861003861003861
Closure/Closure_48	[118, 450]	0.006418975572490637	0.008403361344537815
Closure/Closure_49	[93, 97, 106, 135, 413, 781, 853, 2316, 2995, 3023, 4582]	0.011691459828000711	0.010638297872340425
Closure/Closure_50	[133, 178, 179, 258, 888]	0.011274169999653565	0.007462686567164179
Closure/Closure_51	[19]	0.05	0.05
Closure/Closure_52	[2]	0.3333333333333333	0.3333333333333333
Closure/Closure_53	[69]	0.014285714285714285	0.014285714285714285
Closure/Closure_54	[209, 1669, 3459, 3478, 3479, 3645, 4720]	0.0017916392323405928	0.004761904761904762
Closure/Closure_55	[119]	0.008333333333333333	0.008333333333333333
Closure/Closure_56	[28, 771]	0.018536716097909595	0.034482758620689655
Closure/Closure_57	[28]	0.034482758620689655	0.034482758620689655
Closure/Closure_58	[0]	1.0	1.0
Closure/Closure_59	[33]	0.029411764705882353	0.029411764705882353
Closure/Closure_60	[5358]	1.866019779809666E-4	1.866019779809666E-4
Closure/Closure_61	[51, 73, 75]	0.028577160156107523	0.019230769230769232
Closure/Closure_62	[0]	1.0	1.0
Closure/Closure_64	[10, 126]	0.05332856120257695	0.09090909090909091
Closure/Closure_65	[0]	1.0	1.0
Closure/Closure_66	[44]	0.022222222222222223	0.022222222222222223
Closure/Closure_67	[225]	0.004424778761061947	0.004424778761061947
Closure/Closure_68	[837]	0.0011933174224343676	0.0011933174224343676
Closure/Closure_69	[266]	0.003745318352059925	0.003745318352059925
Closure/Closure_70	[422]	0.002364066193853428	0.002364066193853428
Closure/Closure_71	[28]	0.034482758620689655	0.034482758620689655
Closure/Closure_72	[1186]	8.424599831508003E-4	8.424599831508003E-4
Closure/Closure_73	[3]	0.25	0.25
Closure/Closure_74	[143, 185]	0.008848566308243728	0.006944444444444444
Closure/Closure_75	[60, 1822]	0.008745267663642168	0.01639344262295082
Closure/Closure_76	[124, 218, 219, 298, 299, 352, 1160]	0.011977118436231702	0.008
Closure/Closure_77	[30, 80]	0.028474711270410194	0.03225806451612903
Closure/Closure_78	[0]	1.0	1.0
Closure/Closure_79	[7, 2450]	0.06290799673602611	0.125
Closure/Closure_80	[14, 32, 141, 144]	0.043996423683164816	0.06666666666666667
Closure/Closure_81	[8]	0.1111111111111111	0.1111111111111111
Closure/Closure_82	[3587]	2.787068004459309E-4	2.787068004459309E-4
Closure/Closure_83	[5]	0.16666666666666666	0.16666666666666666
Closure/Closure_84	[13, 14]	0.10238095238095238	0.07142857142857142
Closure/Closure_85	[305, 306, 311, 952, 977, 1026, 1027]	0.005908480027320239	0.0032679738562091504
Closure/Closure_86	[4827]	2.0712510356255177E-4	2.0712510356255177E-4
Closure/Closure_87	[139]	0.007142857142857143	0.007142857142857143
Closure/Closure_88	[117, 4454]	0.004461755026726778	0.00847457627118644
Closure/Closure_89	[62, 500]	0.009932515920539873	0.015873015873015872
Closure/Closure_90	[2, 1230]	0.16747901435147575	0.3333333333333333
Closure/Closure_91	[26, 41, 54, 1979]	0.035305435305435305	0.037037037037037035
Closure/Closure_92	[155]	0.00641025641025641	0.00641025641025641
Closure/Closure_94	[22, 27]	0.05745341614906832	0.043478260869565216
Closure/Closure_95	[884, 1266]	0.0013542377340485779	0.0011299435028248588
Closure/Closure_96	[232]	0.004291845493562232	0.004291845493562232
Closure/Closure_97	[7]	0.125	0.125
Closure/Closure_98	[332, 2238]	0.0019481294604117292	0.003003003003003003
Closure/Closure_99	[21, 45, 57]	0.04688564808504839	0.045454545454545456
Closure/Closure_100	[27, 29, 702]	0.03554945923366976	0.03571428571428571
Closure/Closure_103	[1224, 2387, 3189]	8.647621133696833E-4	8.163265306122449E-4
Closure/Closure_104	[66]	0.014925373134328358	0.014925373134328358
Closure/Closure_105	[75, 76, 77, 134, 135]	0.02879755893687782	0.013157894736842105
Closure/Closure_106	[62, 1242]	0.008741013165791926	0.015873015873015872
Closure/Closure_107	[17]	0.05555555555555555	0.05555555555555555
Closure/Closure_108	[9, 15, 139, 239, 664, 669, 678, 1297, 1298, 1299, 1300, 1373, 3056]	0.02554644414484613	0.1
Closure/Closure_109	[9]	0.1	0.1
Closure/Closure_110	[1, 2, 3, 5, 6]	0.6595238095238095	0.5
Closure/Closure_111	[1779]	5.617977528089888E-4	5.617977528089888E-4
Closure/Closure_112	[93]	0.010638297872340425	0.010638297872340425
Closure/Closure_113	[2]	0.3333333333333333	0.3333333333333333
Closure/Closure_114	[215]	0.004629629629629629	0.004629629629629629
Closure/Closure_115	[6, 7, 39, 44, 46, 436, 2236, 2359]	0.08542225112190738	0.14285714285714285
Closure/Closure_116	[78, 2269]	0.006769642558411866	0.012658227848101266
Closure/Closure_117	[7]	0.125	0.125
Closure/Closure_118	[102]	0.009708737864077669	0.009708737864077669
Closure/Closure_119	[]	0.0	0.0
Closure/Closure_120	[40, 2968]	0.012531935693220187	0.024390243902439025
Closure/Closure_121	[172]	0.005780346820809248	0.005780346820809248
Closure/Closure_122	[0]	1.0	1.0
Closure/Closure_123	[334]	0.0029850746268656717	0.0029850746268656717
Closure/Closure_124	[646]	0.0015455950540958269	0.0015455950540958269
Closure/Closure_125	[154]	0.0064516129032258064	0.0064516129032258064
Closure/Closure_126	[18, 20, 26]	0.08632692843219159	0.05263157894736842
Closure/Closure_127	[200]	0.004975124378109453	0.004975124378109453
Closure/Closure_128	[0, 14]	0.5666666666666667	1.0
Closure/Closure_129	[2557]	3.9093041438623924E-4	3.9093041438623924E-4
Closure/Closure_130	[211]	0.0047169811320754715	0.0047169811320754715
Closure/Closure_131	[41, 376]	0.014557281798661108	0.023809523809523808
Closure/Closure_132	[102]	0.009708737864077669	0.009708737864077669
Closure/Closure_133	[104, 105]	0.014195867026055705	0.009523809523809525
MAP	0.10597301851211462
MRR	0.11507245190964173
