Closure/Closure_1	[30]	0.03225806451612903	0.03225806451612903
Closure/Closure_2	[68]	0.014492753623188406	0.014492753623188406
Closure/Closure_3	[149, 3545]	0.0036153412295544278	0.006666666666666667
Closure/Closure_4	[4286]	2.3326335432703523E-4	2.3326335432703523E-4
Closure/Closure_5	[64]	0.015384615384615385	0.015384615384615385
Closure/Closure_6	[0, 215, 216, 260]	0.25960245363749257	1.0
Closure/Closure_7	[3]	0.25	0.25
Closure/Closure_8	[18]	0.05263157894736842	0.05263157894736842
Closure/Closure_9	[7]	0.125	0.125
Closure/Closure_10	[154]	0.0064516129032258064	0.0064516129032258064
Closure/Closure_11	[729, 3976]	9.363773202765215E-4	0.0013698630136986301
Closure/Closure_12	[3640]	2.7464982147761604E-4	2.7464982147761604E-4
Closure/Closure_13	[3799, 3803]	3.9446012507609717E-4	2.631578947368421E-4
Closure/Closure_14	[311]	0.003205128205128205	0.003205128205128205
Closure/Closure_15	[3249, 3250, 3251]	6.151322857666975E-4	3.076923076923077E-4
Closure/Closure_16	[62, 163, 164, 165]	0.017586585387055563	0.015873015873015872
Closure/Closure_17	[175]	0.005681818181818182	0.005681818181818182
Closure/Closure_18	[1079]	9.25925925925926E-4	9.25925925925926E-4
Closure/Closure_19	[42, 43]	0.034355179704016914	0.023255813953488372
Closure/Closure_20	[14]	0.06666666666666667	0.06666666666666667
Closure/Closure_21	[75, 134]	0.01398635477582846	0.013157894736842105
Closure/Closure_22	[0, 23, 60, 65, 66, 73, 79, 83, 133, 138]	0.16706723889467076	1.0
Closure/Closure_23	[467]	0.002136752136752137	0.002136752136752137
Closure/Closure_24	[0, 2, 44]	0.5777777777777777	1.0
Closure/Closure_25	[73, 100, 115, 133, 178]	0.023392253967912405	0.013513513513513514
Closure/Closure_26	[462, 5894]	0.001249548891050548	0.0021598272138228943
Closure/Closure_27	[1, 3]	0.5	0.5
Closure/Closure_28	[232]	0.004291845493562232	0.004291845493562232
Closure/Closure_29	[150, 247, 297, 337]	0.009147116576477649	0.006622516556291391
Closure/Closure_30	[188, 621, 3157, 3158]	0.0026806577993602853	0.005291005291005291
Closure/Closure_31	[708]	0.0014104372355430183	0.0014104372355430183
Closure/Closure_32	[3, 4, 27, 30, 31, 37]	0.20005330867491308	0.25
Closure/Closure_33	[34]	0.02857142857142857	0.02857142857142857
Closure/Closure_34	[29]	0.03333333333333333	0.03333333333333333
Closure/Closure_35	[352]	0.0028328611898017	0.0028328611898017
Closure/Closure_36	[1358]	7.358351729212656E-4	7.358351729212656E-4
Closure/Closure_37	[696, 725]	0.0020947705830971775	0.0014347202295552368
Closure/Closure_38	[26]	0.037037037037037035	0.037037037037037035
Closure/Closure_39	[8, 16, 596]	0.07792776518759374	0.1111111111111111
Closure/Closure_40	[84]	0.011764705882352941	0.011764705882352941
Closure/Closure_41	[378, 737]	0.002674274763855818	0.002638522427440633
Closure/Closure_42	[3]	0.25	0.25
Closure/Closure_43	[699, 945, 3162, 3163, 3164, 3165]	0.0015383900218691366	0.0014285714285714286
Closure/Closure_44	[100, 134]	0.012357902456912359	0.009900990099009901
Closure/Closure_45	[59, 60, 61, 64, 87, 109, 144, 423]	0.042235816648265895	0.016666666666666666
Closure/Closure_46	[]	0.0	0.0
Closure/Closure_47	[258, 324, 325, 348, 455, 2103]	0.007415874226912288	0.003861003861003861
Closure/Closure_48	[118, 450]	0.006418975572490637	0.008403361344537815
Closure/Closure_49	[1017, 1226, 1249, 1275, 1289, 1351, 1368, 1392, 1396, 4264, 4265]	0.003516612502060241	9.823182711198428E-4
Closure/Closure_50	[39, 40, 49, 50, 58]	0.05939152461315241	0.025
Closure/Closure_51	[0]	1.0	1.0
Closure/Closure_52	[3]	0.25	0.25
Closure/Closure_53	[5]	0.16666666666666666	0.16666666666666666
Closure/Closure_54	[209, 1669, 3459, 3478, 3479, 3645, 4720]	0.0017916392323405928	0.004761904761904762
Closure/Closure_55	[222]	0.004484304932735426	0.004484304932735426
Closure/Closure_56	[8, 712]	0.056958080099735076	0.1111111111111111
Closure/Closure_57	[5]	0.16666666666666666	0.16666666666666666
Closure/Closure_58	[66]	0.014925373134328358	0.014925373134328358
Closure/Closure_59	[1585]	6.305170239596469E-4	6.305170239596469E-4
Closure/Closure_60	[5358]	1.866019779809666E-4	1.866019779809666E-4
Closure/Closure_61	[5, 10, 58]	0.13311076870398905	0.16666666666666666
Closure/Closure_62	[2]	0.3333333333333333	0.3333333333333333
Closure/Closure_64	[1456, 4703]	5.557559331213611E-4	6.863417982155113E-4
Closure/Closure_65	[0]	1.0	1.0
Closure/Closure_66	[255]	0.00390625	0.00390625
Closure/Closure_67	[7]	0.125	0.125
Closure/Closure_68	[799]	0.00125	0.00125
Closure/Closure_69	[266]	0.003745318352059925	0.003745318352059925
Closure/Closure_70	[422]	0.002364066193853428	0.002364066193853428
Closure/Closure_71	[28]	0.034482758620689655	0.034482758620689655
Closure/Closure_72	[141]	0.007042253521126761	0.007042253521126761
Closure/Closure_73	[16]	0.058823529411764705	0.058823529411764705
Closure/Closure_74	[29, 39]	0.04166666666666667	0.03333333333333333
Closure/Closure_75	[73, 1727]	0.007335460460460461	0.013513513513513514
Closure/Closure_76	[24, 25, 33, 40, 42, 43, 54]	0.09751925429346937	0.04
Closure/Closure_77	[2, 25]	0.20512820512820512	0.3333333333333333
Closure/Closure_78	[5]	0.16666666666666666	0.16666666666666666
Closure/Closure_79	[66, 2430]	0.007874039919694003	0.014925373134328358
Closure/Closure_80	[14, 21, 926, 927]	0.04128058708950909	0.06666666666666667
Closure/Closure_81	[29]	0.03333333333333333	0.03333333333333333
Closure/Closure_82	[3587]	2.787068004459309E-4	2.787068004459309E-4
Closure/Closure_83	[102]	0.009708737864077669	0.009708737864077669
Closure/Closure_84	[28, 29]	0.05057471264367816	0.034482758620689655
Closure/Closure_85	[5, 68, 76, 77, 126, 200, 201]	0.055681364930211794	0.16666666666666666
Closure/Closure_86	[4827]	2.0712510356255177E-4	2.0712510356255177E-4
Closure/Closure_87	[96]	0.010309278350515464	0.010309278350515464
Closure/Closure_88	[25, 3397]	0.01952505999003939	0.038461538461538464
Closure/Closure_89	[104, 147]	0.01151866151866152	0.009523809523809525
Closure/Closure_90	[16, 1236]	0.030220172143230774	0.058823529411764705
Closure/Closure_91	[1486, 1524, 1816, 1931]	0.00142635923461088	6.724949562878278E-4
Closure/Closure_92	[14]	0.06666666666666667	0.06666666666666667
Closure/Closure_94	[22, 27]	0.05745341614906832	0.043478260869565216
Closure/Closure_95	[884, 1266]	0.0013542377340485779	0.0011299435028248588
Closure/Closure_96	[232]	0.004291845493562232	0.004291845493562232
Closure/Closure_97	[21]	0.045454545454545456	0.045454545454545456
Closure/Closure_98	[2025, 2026]	7.40131618997434E-4	4.935834155972359E-4
Closure/Closure_99	[0, 52, 63]	0.36153694968553457	1.0
Closure/Closure_100	[289, 346, 1188]	0.0039116977674795135	0.0034482758620689655
Closure/Closure_103	[26, 1254, 2344]	0.01330332674409105	0.037037037037037035
Closure/Closure_104	[0]	1.0	1.0
Closure/Closure_105	[753, 754, 755, 756, 757]	0.003964768491673853	0.001326259946949602
Closure/Closure_106	[73, 322]	0.0098527319889549	0.013513513513513514
Closure/Closure_107	[418]	0.002386634844868735	0.002386634844868735
Closure/Closure_108	[23, 51, 169, 250, 251, 252, 253, 386, 2941, 2942, 2943, 2944, 2945]	0.01724461609850468	0.041666666666666664
Closure/Closure_109	[13]	0.07142857142857142	0.07142857142857142
Closure/Closure_110	[1, 2, 3, 5, 6]	0.6595238095238095	0.5
Closure/Closure_111	[1732]	5.770340450086555E-4	5.770340450086555E-4
Closure/Closure_112	[122]	0.008130081300813009	0.008130081300813009
Closure/Closure_113	[6]	0.14285714285714285	0.14285714285714285
Closure/Closure_114	[163]	0.006097560975609756	0.006097560975609756
Closure/Closure_115	[21, 28, 30, 38, 118, 292, 293, 3632]	0.05028306774055048	0.045454545454545456
Closure/Closure_116	[48, 50]	0.02981192476990796	0.02040816326530612
Closure/Closure_117	[7]	0.125	0.125
Closure/Closure_118	[134]	0.007407407407407408	0.007407407407407408
Closure/Closure_119	[]	0.0	0.0
Closure/Closure_120	[40, 2968]	0.012531935693220187	0.024390243902439025
Closure/Closure_121	[225]	0.004424778761061947	0.004424778761061947
Closure/Closure_122	[0]	1.0	1.0
Closure/Closure_123	[41]	0.023809523809523808	0.023809523809523808
Closure/Closure_124	[4]	0.2	0.2
Closure/Closure_125	[0]	1.0	1.0
Closure/Closure_126	[3, 45, 76]	0.11081309994353472	0.25
Closure/Closure_127	[178]	0.00558659217877095	0.00558659217877095
Closure/Closure_128	[4, 15]	0.1625	0.2
Closure/Closure_129	[2560]	3.904724716907458E-4	3.904724716907458E-4
Closure/Closure_130	[262]	0.0038022813688212928	0.0038022813688212928
Closure/Closure_131	[5, 124]	0.09133333333333332	0.16666666666666666
Closure/Closure_132	[5]	0.16666666666666666	0.16666666666666666
Closure/Closure_133	[99, 101]	0.014803921568627452	0.01
MAP	0.09779434928472484
MRR	0.12168108559527054
