Closure/Closure_1	[44]	0.022222222222222223	0.022222222222222223
Closure/Closure_2	[66]	0.014925373134328358	0.014925373134328358
Closure/Closure_3	[138, 2600]	0.003981589814653468	0.007194244604316547
Closure/Closure_4	[4286]	2.3326335432703523E-4	2.3326335432703523E-4
Closure/Closure_5	[1]	0.5	0.5
Closure/Closure_6	[214, 215, 259, 260]	0.01019363852162569	0.004651162790697674
Closure/Closure_7	[3]	0.25	0.25
Closure/Closure_8	[75]	0.013157894736842105	0.013157894736842105
Closure/Closure_9	[31]	0.03125	0.03125
Closure/Closure_10	[154]	0.0064516129032258064	0.0064516129032258064
Closure/Closure_11	[728, 3976]	9.37316869668633E-4	0.0013717421124828531
Closure/Closure_12	[55]	0.017857142857142856	0.017857142857142856
Closure/Closure_13	[3877, 7400]	2.640493154995781E-4	2.5786487880350697E-4
Closure/Closure_14	[279]	0.0035714285714285713	0.0035714285714285713
Closure/Closure_15	[3604, 3605, 3606]	5.545799294142017E-4	2.7739251040221914E-4
Closure/Closure_16	[283, 324, 332, 333]	0.007665007456902541	0.0035211267605633804
Closure/Closure_17	[175]	0.005681818181818182	0.005681818181818182
Closure/Closure_18	[1079]	9.25925925925926E-4	9.25925925925926E-4
Closure/Closure_19	[24, 25]	0.05846153846153847	0.04
Closure/Closure_20	[35]	0.027777777777777776	0.027777777777777776
Closure/Closure_21	[78, 138]	0.013523358528367179	0.012658227848101266
Closure/Closure_22	[21, 58, 59, 64, 65, 72, 78, 82, 132, 137]	0.06739667468109026	0.045454545454545456
Closure/Closure_23	[403]	0.0024752475247524753	0.0024752475247524753
Closure/Closure_24	[3, 6, 9]	0.2785714285714285	0.25
Closure/Closure_25	[73, 100, 115, 133, 178]	0.023392253967912405	0.013513513513513514
Closure/Closure_26	[461, 5894]	0.0012518863663901832	0.0021645021645021645
Closure/Closure_27	[4, 6]	0.24285714285714285	0.2
Closure/Closure_28	[9]	0.1	0.1
Closure/Closure_29	[85, 241, 314, 393]	0.009892115893607615	0.011627906976744186
Closure/Closure_30	[62, 413, 2371, 3338]	0.005791663172533374	0.015873015873015872
Closure/Closure_31	[22]	0.043478260869565216	0.043478260869565216
Closure/Closure_32	[3, 4, 27, 30, 31, 37]	0.20005330867491308	0.25
Closure/Closure_33	[1]	0.5	0.5
Closure/Closure_34	[29]	0.03333333333333333	0.03333333333333333
Closure/Closure_35	[321]	0.003105590062111801	0.003105590062111801
Closure/Closure_36	[36]	0.02702702702702703	0.02702702702702703
Closure/Closure_37	[1936, 2071]	7.407566132398347E-4	5.162622612287042E-4
Closure/Closure_38	[0]	1.0	1.0
Closure/Closure_39	[8, 16, 596]	0.07792776518759374	0.1111111111111111
Closure/Closure_40	[0]	1.0	1.0
Closure/Closure_41	[374, 733]	0.002695731153496821	0.0026666666666666666
Closure/Closure_42	[3]	0.25	0.25
Closure/Closure_43	[699, 945, 3162, 3163, 3164, 3165]	0.0015383900218691366	0.0014285714285714286
Closure/Closure_44	[100, 134]	0.012357902456912359	0.009900990099009901
Closure/Closure_45	[48, 65, 70, 127, 128, 135, 185, 369]	0.03329351023752167	0.02040816326530612
Closure/Closure_46	[]	0.0	0.0
Closure/Closure_47	[258, 324, 325, 348, 455, 2103]	0.007415874226912288	0.003861003861003861
Closure/Closure_48	[118, 450]	0.006418975572490637	0.008403361344537815
Closure/Closure_49	[28, 47, 141, 1027, 1337, 1374, 1378, 1393, 1477, 1949, 3533]	0.012219359262932538	0.034482758620689655
Closure/Closure_50	[29, 31, 76, 91, 104]	0.045178336156597027	0.03333333333333333
Closure/Closure_51	[0]	1.0	1.0
Closure/Closure_52	[3]	0.25	0.25
Closure/Closure_53	[19]	0.05	0.05
Closure/Closure_54	[209, 1669, 3459, 3478, 3479, 3645, 4720]	0.0017916392323405928	0.004761904761904762
Closure/Closure_55	[13]	0.07142857142857142	0.07142857142857142
Closure/Closure_56	[8, 712]	0.056958080099735076	0.1111111111111111
Closure/Closure_57	[5]	0.16666666666666666	0.16666666666666666
Closure/Closure_58	[67]	0.014705882352941176	0.014705882352941176
Closure/Closure_59	[131]	0.007575757575757576	0.007575757575757576
Closure/Closure_60	[5358]	1.866019779809666E-4	1.866019779809666E-4
Closure/Closure_61	[25, 49, 94]	0.03668016194331984	0.038461538461538464
Closure/Closure_62	[0]	1.0	1.0
Closure/Closure_64	[1466, 5895]	5.104381420652825E-4	6.816632583503749E-4
Closure/Closure_65	[0]	1.0	1.0
Closure/Closure_66	[3]	0.25	0.25
Closure/Closure_67	[49]	0.02	0.02
Closure/Closure_68	[651]	0.0015337423312883436	0.0015337423312883436
Closure/Closure_69	[266]	0.003745318352059925	0.003745318352059925
Closure/Closure_70	[422]	0.002364066193853428	0.002364066193853428
Closure/Closure_71	[28]	0.034482758620689655	0.034482758620689655
Closure/Closure_72	[142]	0.006993006993006993	0.006993006993006993
Closure/Closure_73	[0]	1.0	1.0
Closure/Closure_74	[6, 54]	0.08961038961038961	0.14285714285714285
Closure/Closure_75	[100, 1371]	0.005679358023265884	0.009900990099009901
Closure/Closure_76	[87, 117, 132, 137, 169, 173, 184]	0.025941006899177072	0.011363636363636364
Closure/Closure_77	[2, 25]	0.20512820512820512	0.3333333333333333
Closure/Closure_78	[21]	0.045454545454545456	0.045454545454545456
Closure/Closure_79	[98, 2043]	0.0055397418411117045	0.010101010101010102
Closure/Closure_80	[15, 23, 839, 1164]	0.038209559574902914	0.0625
Closure/Closure_81	[29]	0.03333333333333333	0.03333333333333333
Closure/Closure_82	[3587]	2.787068004459309E-4	2.787068004459309E-4
Closure/Closure_83	[168]	0.005917159763313609	0.005917159763313609
Closure/Closure_84	[28, 29]	0.05057471264367816	0.034482758620689655
Closure/Closure_85	[16, 17, 19, 41, 93, 202, 203]	0.07603351440845353	0.058823529411764705
Closure/Closure_86	[4827]	2.0712510356255177E-4	2.0712510356255177E-4
Closure/Closure_87	[118]	0.008403361344537815	0.008403361344537815
Closure/Closure_88	[14, 2709]	0.033702337023370235	0.06666666666666667
Closure/Closure_89	[97, 415]	0.007505886970172684	0.01020408163265306
Closure/Closure_90	[2, 1230]	0.16747901435147575	0.3333333333333333
Closure/Closure_91	[6, 41, 48, 1466]	0.0636068333263776	0.14285714285714285
Closure/Closure_92	[25]	0.038461538461538464	0.038461538461538464
Closure/Closure_94	[22, 27]	0.05745341614906832	0.043478260869565216
Closure/Closure_95	[884, 1266]	0.0013542377340485779	0.0011299435028248588
Closure/Closure_96	[232]	0.004291845493562232	0.004291845493562232
Closure/Closure_97	[20]	0.047619047619047616	0.047619047619047616
Closure/Closure_98	[24, 1420]	0.02070372976776918	0.04
Closure/Closure_99	[49, 54, 97]	0.028991960420531853	0.02
Closure/Closure_100	[1, 247, 1460]	0.17003930140646042	0.5
Closure/Closure_103	[68, 973, 1791]	0.006073416285464876	0.014492753623188406
Closure/Closure_104	[10]	0.09090909090909091	0.09090909090909091
Closure/Closure_105	[649, 650, 651, 653, 654]	0.004592336178048033	0.0015384615384615385
Closure/Closure_106	[15, 323]	0.03433641975308642	0.0625
Closure/Closure_107	[3]	0.25	0.25
Closure/Closure_108	[106, 121, 266, 267, 268, 269, 375, 378, 2158, 2941, 3216, 3220, 3225]	0.01162904904828129	0.009345794392523364
Closure/Closure_109	[13]	0.07142857142857142	0.07142857142857142
Closure/Closure_110	[1, 2, 3, 5, 6]	0.6595238095238095	0.5
Closure/Closure_111	[1688]	5.920663114268798E-4	5.920663114268798E-4
Closure/Closure_112	[93]	0.010638297872340425	0.010638297872340425
Closure/Closure_113	[0]	1.0	1.0
Closure/Closure_114	[4]	0.2	0.2
Closure/Closure_115	[0, 9, 27, 29, 41, 96, 295, 307]	0.20887526928119712	1.0
Closure/Closure_116	[23, 160]	0.027044513457556936	0.041666666666666664
Closure/Closure_117	[7]	0.125	0.125
Closure/Closure_118	[102]	0.009708737864077669	0.009708737864077669
Closure/Closure_119	[]	0.0	0.0
Closure/Closure_120	[40, 2968]	0.012531935693220187	0.024390243902439025
Closure/Closure_121	[135]	0.007352941176470588	0.007352941176470588
Closure/Closure_122	[0]	1.0	1.0
Closure/Closure_123	[41]	0.023809523809523808	0.023809523809523808
Closure/Closure_124	[54]	0.01818181818181818	0.01818181818181818
Closure/Closure_125	[154]	0.0064516129032258064	0.0064516129032258064
Closure/Closure_126	[0, 22, 80]	0.37466451959205577	1.0
Closure/Closure_127	[1]	0.5	0.5
Closure/Closure_128	[3, 17]	0.18055555555555555	0.25
Closure/Closure_129	[2557]	3.9093041438623924E-4	3.9093041438623924E-4
Closure/Closure_130	[112]	0.008849557522123894	0.008849557522123894
Closure/Closure_131	[33, 130]	0.022339470139200717	0.029411764705882353
Closure/Closure_132	[25]	0.038461538461538464	0.038461538461538464
Closure/Closure_133	[1020, 1023]	0.0014662784647404507	9.794319294809011E-4
MAP	0.12473331699878691
MRR	0.14165851374172553
