Closure/Closure_1	[205]	0.0048543689320388345	0.0048543689320388345
Closure/Closure_2	[6]	0.14285714285714285	0.14285714285714285
Closure/Closure_3	[352, 421]	0.0037860988413463475	0.0028328611898017
Closure/Closure_4	[413]	0.0024154589371980675	0.0024154589371980675
Closure/Closure_5	[141]	0.007042253521126761	0.007042253521126761
Closure/Closure_6	[0, 1, 20, 405]	0.5381773399014779	1.0
Closure/Closure_7	[0]	1.0	1.0
Closure/Closure_8	[114]	0.008695652173913044	0.008695652173913044
Closure/Closure_9	[8]	0.1111111111111111	0.1111111111111111
Closure/Closure_10	[137]	0.007246376811594203	0.007246376811594203
Closure/Closure_11	[628, 2038]	0.0012853490480931847	0.001589825119236884
Closure/Closure_12	[2989]	3.3444816053511704E-4	3.3444816053511704E-4
Closure/Closure_13	[5620, 5624]	2.667299215244421E-4	1.779042874933286E-4
Closure/Closure_14	[2]	0.3333333333333333	0.3333333333333333
Closure/Closure_15	[199, 200, 205]	0.009837785184111804	0.005
Closure/Closure_16	[105, 115, 116, 117]	0.02155366807506679	0.009433962264150943
Closure/Closure_17	[3]	0.25	0.25
Closure/Closure_18	[1848]	5.408328826392645E-4	5.408328826392645E-4
Closure/Closure_19	[0, 161]	0.5061728395061729	1.0
Closure/Closure_20	[0]	1.0	1.0
Closure/Closure_21	[134, 149]	0.01037037037037037	0.007407407407407408
Closure/Closure_22	[2, 4, 5, 6, 7, 9, 10, 40, 47, 136]	0.412174019307498	0.3333333333333333
Closure/Closure_23	[3]	0.25	0.25
Closure/Closure_24	[0, 15, 33]	0.4044117647058823	1.0
Closure/Closure_25	[106, 174, 175, 182, 193]	0.01709018794802115	0.009345794392523364
Closure/Closure_26	[20, 38]	0.04945054945054945	0.047619047619047616
Closure/Closure_27	[1, 7]	0.375	0.5
Closure/Closure_28	[246]	0.004048582995951417	0.004048582995951417
Closure/Closure_29	[184, 341, 350, 389]	0.00751419435629962	0.005405405405405406
Closure/Closure_30	[241, 327, 647, 823]	0.0049284477355592245	0.004132231404958678
Closure/Closure_31	[1349]	7.407407407407407E-4	7.407407407407407E-4
Closure/Closure_32	[21, 22, 41, 42, 54, 57]	0.08187004353456012	0.045454545454545456
Closure/Closure_33	[255]	0.00390625	0.00390625
Closure/Closure_34	[6]	0.14285714285714285	0.14285714285714285
Closure/Closure_35	[527]	0.001893939393939394	0.001893939393939394
Closure/Closure_36	[1046]	9.551098376313276E-4	9.551098376313276E-4
Closure/Closure_37	[842, 886]	0.0017205155260979403	0.0011862396204033216
Closure/Closure_38	[49]	0.02	0.02
Closure/Closure_39	[7, 9, 11]	0.19166666666666665	0.125
Closure/Closure_40	[116]	0.008547008547008548	0.008547008547008548
Closure/Closure_41	[378, 1123]	0.002208940929022808	0.002638522427440633
Closure/Closure_42	[0]	1.0	1.0
Closure/Closure_43	[386, 1355, 2532, 2533, 2534, 2535]	0.0018600201830434229	0.002583979328165375
Closure/Closure_44	[150, 173]	0.009058384714927304	0.006622516556291391
Closure/Closure_45	[122, 127, 225, 256, 283, 293, 307, 346]	0.017048680594656574	0.008130081300813009
Closure/Closure_46	[]	0.0	0.0
Closure/Closure_47	[273, 388, 390, 391, 392, 395]	0.009090316762834012	0.0036496350364963502
Closure/Closure_48	[113, 665]	0.005887466413782203	0.008771929824561403
Closure/Closure_49	[1172, 1188, 1223, 1242, 1245, 1265, 1364, 1373, 1413, 1420, 1971]	0.004262428565501793	8.525149190110827E-4
Closure/Closure_50	[96, 219, 220, 224, 227]	0.014536490082818002	0.010309278350515464
Closure/Closure_51	[49]	0.02	0.02
Closure/Closure_52	[14]	0.06666666666666667	0.06666666666666667
Closure/Closure_53	[39]	0.025	0.025
Closure/Closure_54	[22, 3068, 4174, 4184, 4185, 4339, 5118]	0.00710695672792337	0.043478260869565216
Closure/Closure_55	[333]	0.0029940119760479044	0.0029940119760479044
Closure/Closure_56	[36, 58]	0.030462666055886396	0.02702702702702703
Closure/Closure_57	[3]	0.25	0.25
Closure/Closure_58	[4]	0.2	0.2
Closure/Closure_59	[5577]	1.7927572606669058E-4	1.7927572606669058E-4
Closure/Closure_60	[9]	0.1	0.1
Closure/Closure_61	[63, 78, 133]	0.021109838465898353	0.015625
Closure/Closure_62	[1]	0.5	0.5
Closure/Closure_64	[1750, 2852]	6.360593505929115E-4	5.711022272986865E-4
Closure/Closure_65	[0]	1.0	1.0
Closure/Closure_66	[284]	0.0035087719298245615	0.0035087719298245615
Closure/Closure_67	[279]	0.0035714285714285713	0.0035714285714285713
Closure/Closure_68	[3]	0.25	0.25
Closure/Closure_69	[188]	0.005291005291005291	0.005291005291005291
Closure/Closure_70	[336]	0.002967359050445104	0.002967359050445104
Closure/Closure_71	[44]	0.022222222222222223	0.022222222222222223
Closure/Closure_72	[218]	0.0045662100456621	0.0045662100456621
Closure/Closure_73	[18]	0.05263157894736842	0.05263157894736842
Closure/Closure_74	[67, 70]	0.02143744821872411	0.014705882352941176
Closure/Closure_75	[4, 25]	0.13846153846153847	0.2
Closure/Closure_76	[111, 113, 139, 140, 141, 142, 202]	0.026845980716696027	0.008928571428571428
Closure/Closure_77	[14, 23]	0.075	0.06666666666666667
Closure/Closure_78	[0]	1.0	1.0
Closure/Closure_79	[43, 2435]	0.01177414539483505	0.022727272727272728
Closure/Closure_80	[3, 9, 16, 110]	0.16562665606783253	0.25
Closure/Closure_81	[19]	0.05	0.05
Closure/Closure_82	[2380]	4.1999160016799666E-4	4.1999160016799666E-4
Closure/Closure_83	[9]	0.1	0.1
Closure/Closure_84	[27, 28]	0.05233990147783251	0.03571428571428571
Closure/Closure_85	[158, 159, 161, 188, 209, 231, 400]	0.01794282853370368	0.006289308176100629
Closure/Closure_86	[1]	0.5	0.5
Closure/Closure_87	[143]	0.006944444444444444	0.006944444444444444
Closure/Closure_88	[66, 71]	0.021351575456053068	0.014925373134328358
Closure/Closure_89	[157, 391]	0.0057155773701885815	0.006329113924050633
Closure/Closure_90	[17, 1475]	0.028455284552845527	0.05555555555555555
Closure/Closure_91	[117, 118, 173, 418]	0.01301730441252046	0.00847457627118644
Closure/Closure_92	[72]	0.0136986301369863	0.0136986301369863
Closure/Closure_94	[3, 7]	0.25	0.25
Closure/Closure_95	[1719, 1750]	8.617999017172911E-4	5.813953488372093E-4
Closure/Closure_96	[21]	0.045454545454545456	0.045454545454545456
Closure/Closure_97	[0]	1.0	1.0
Closure/Closure_98	[607, 986]	0.001835539646989815	0.001644736842105263
Closure/Closure_99	[16, 63, 64]	0.04540912518853696	0.058823529411764705
Closure/Closure_100	[6, 56, 57]	0.07655633336214097	0.14285714285714285
Closure/Closure_103	[232, 1045, 3772]	0.002333004875588802	0.004291845493562232
Closure/Closure_104	[4]	0.2	0.2
Closure/Closure_105	[51, 121, 122, 123, 124]	0.026454504054457623	0.019230769230769232
Closure/Closure_106	[16, 287]	0.032883986928104576	0.058823529411764705
Closure/Closure_107	[191]	0.005208333333333333	0.005208333333333333
Closure/Closure_108	[3, 8, 226, 250, 251, 252, 253, 267, 931, 932, 933, 934, 935]	0.050862769528343996	0.25
Closure/Closure_109	[4]	0.2	0.2
Closure/Closure_110	[1, 12, 13, 14, 15]	0.28945970695970696	0.5
Closure/Closure_111	[0]	1.0	1.0
Closure/Closure_112	[90]	0.01098901098901099	0.01098901098901099
Closure/Closure_113	[12]	0.07692307692307693	0.07692307692307693
Closure/Closure_114	[173]	0.005747126436781609	0.005747126436781609
Closure/Closure_115	[7, 13, 123, 131, 141, 147, 148, 215]	0.06026530406278667	0.125
Closure/Closure_116	[11, 38]	0.0673076923076923	0.08333333333333333
Closure/Closure_117	[59]	0.016666666666666666	0.016666666666666666
Closure/Closure_118	[1]	0.5	0.5
Closure/Closure_119	[]	0.0	0.0
Closure/Closure_120	[169, 186]	0.008288770053475936	0.0058823529411764705
Closure/Closure_121	[363]	0.0027472527472527475	0.0027472527472527475
Closure/Closure_122	[0]	1.0	1.0
Closure/Closure_123	[33]	0.029411764705882353	0.029411764705882353
Closure/Closure_124	[7]	0.125	0.125
Closure/Closure_125	[172]	0.005780346820809248	0.005780346820809248
Closure/Closure_126	[13, 14, 95]	0.07867063492063492	0.07142857142857142
Closure/Closure_127	[195]	0.00510204081632653	0.00510204081632653
Closure/Closure_128	[10, 20]	0.09307359307359307	0.09090909090909091
Closure/Closure_129	[3763]	2.6567481402763017E-4	2.6567481402763017E-4
Closure/Closure_130	[438]	0.002277904328018223	0.002277904328018223
Closure/Closure_131	[123, 162]	0.010167227389669502	0.008064516129032258
Closure/Closure_132	[74]	0.013333333333333334	0.013333333333333334
Closure/Closure_133	[139, 140]	0.010663627152988854	0.007142857142857143
MAP	0.13310507834159555
MRR	0.14979424115400697
