Math/Math_1	[13, 54]	0.05389610389610389	0.07142857142857142
Math/Math_2	[120]	0.008264462809917356	0.008264462809917356
Math/Math_3	[1, 3, 7, 12]	0.4206730769230769	0.5
Math/Math_4	[24, 29]	0.05333333333333333	0.04
Math/Math_5	[4]	0.2	0.2
Math/Math_6	[251, 257, 1102, 1103, 1144, 1145, 1666, 1881, 1882, 1892, 2031, 2202, 2203, 2267, 2768, 2769]	0.005018927180467634	0.003968253968253968
Math/Math_7	[70, 79, 254]	0.016949737641535487	0.014084507042253521
Math/Math_8	[2]	0.3333333333333333	0.3333333333333333
Math/Math_9	[1]	0.5	0.5
Math/Math_10	[36, 37, 63]	0.04217786865813181	0.02702702702702703
Math/Math_11	[96]	0.010309278350515464	0.010309278350515464
Math/Math_12	[]	0.0	0.0
Math/Math_13	[]	0.0	0.0
Math/Math_14	[52]	0.018867924528301886	0.018867924528301886
Math/Math_15	[199]	0.005	0.005
Math/Math_16	[1, 2, 3, 4]	0.6791666666666667	0.5
Math/Math_17	[39]	0.025	0.025
Math/Math_18	[43, 45]	0.033102766798418976	0.022727272727272728
Math/Math_19	[37]	0.02631578947368421	0.02631578947368421
Math/Math_20	[577]	0.0017301038062283738	0.0017301038062283738
Math/Math_21	[0, 15, 24, 26, 30]	0.3108876941457587	1.0
Math/Math_22	[267, 268]	0.005583143760750153	0.0037313432835820895
Math/Math_23	[189, 199]	0.0076315789473684215	0.005263157894736842
Math/Math_24	[227]	0.0043859649122807015	0.0043859649122807015
Math/Math_25	[2]	0.3333333333333333	0.3333333333333333
Math/Math_26	[26, 28]	0.05300127713920817	0.037037037037037035
Math/Math_27	[64]	0.015384615384615385	0.015384615384615385
Math/Math_28	[9, 21]	0.09545454545454546	0.1
Math/Math_29	[30, 166, 168, 175, 176]	0.022592290401631136	0.03225806451612903
Math/Math_30	[15]	0.0625	0.0625
Math/Math_31	[140, 142, 144, 147, 148, 149, 150, 151, 152, 158, 160, 161]	0.04212123360013281	0.0070921985815602835
Math/Math_32	[66]	0.014925373134328358	0.014925373134328358
Math/Math_33	[50]	0.0196078431372549	0.0196078431372549
Math/Math_34	[2]	0.3333333333333333	0.3333333333333333
Math/Math_35	[1, 14]	0.31666666666666665	0.5
Math/Math_36	[1, 32]	0.2803030303030303	0.5
Math/Math_37	[5, 14, 15, 18]	0.17450657894736843	0.16666666666666666
Math/Math_38	[5, 14, 249]	0.104	0.16666666666666666
Math/Math_39	[103]	0.009615384615384616	0.009615384615384616
Math/Math_40	[47]	0.020833333333333332	0.020833333333333332
Math/Math_41	[13]	0.07142857142857142	0.07142857142857142
Math/Math_42	[0]	1.0	1.0
Math/Math_43	[111, 112, 113]	0.01764782531550114	0.008928571428571428
Math/Math_44	[0, 206]	0.5048309178743962	1.0
Math/Math_45	[0, 2, 6]	0.6984126984126983	1.0
Math/Math_46	[22]	0.043478260869565216	0.043478260869565216
Math/Math_47	[11, 16, 265, 266]	0.056809965263456066	0.08333333333333333
Math/Math_48	[482]	0.002070393374741201	0.002070393374741201
Math/Math_49	[30]	0.03225806451612903	0.03225806451612903
Math/Math_50	[0, 6, 21]	0.47402597402597396	1.0
Math/Math_51	[157, 244]	0.007246189615086541	0.006329113924050633
Math/Math_52	[0]	1.0	1.0
Math/Math_53	[0]	1.0	1.0
Math/Math_54	[477]	0.0020920502092050207	0.0020920502092050207
Math/Math_55	[0]	1.0	1.0
Math/Math_56	[3, 9, 14, 17, 18, 19]	0.23923001949317738	0.25
Math/Math_57	[361]	0.0027624309392265192	0.0027624309392265192
Math/Math_58	[1007]	9.92063492063492E-4	9.92063492063492E-4
Math/Math_59	[57]	0.017241379310344827	0.017241379310344827
Math/Math_60	[26]	0.037037037037037035	0.037037037037037035
Math/Math_61	[263]	0.003787878787878788	0.003787878787878788
Math/Math_62	[204, 213, 225, 418]	0.009261179708917988	0.004878048780487805
Math/Math_63	[0]	1.0	1.0
Math/Math_64	[153, 167, 179, 195, 196, 222, 261, 356, 357]	0.02022509158092934	0.006493506493506494
Math/Math_65	[37, 192, 211, 232, 233, 240]	0.019043432678727504	0.02631578947368421
Math/Math_66	[56, 57, 58, 91, 144, 182, 183, 207, 213, 214, 413, 414, 415]	0.035802339306816054	0.017543859649122806
Math/Math_67	[1]	0.5	0.5
Math/Math_68	[172, 173, 186, 187, 236, 338, 339, 340]	0.01717984793709609	0.005780346820809248
Math/Math_69	[9]	0.1	0.1
Math/Math_70	[0]	1.0	1.0
Math/Math_71	[49, 96]	0.020309278350515464	0.02
Math/Math_72	[0]	1.0	1.0
Math/Math_73	[4]	0.2	0.2
Math/Math_74	[737, 1068]	0.001612960470109846	0.0013550135501355014
Math/Math_75	[0]	1.0	1.0
Math/Math_76	[39, 45, 56, 58, 81, 218]	0.04621322000274922	0.025
Math/Math_77	[0, 1, 2, 3, 4, 5, 8]	0.9682539682539683	1.0
Math/Math_78	[168]	0.005917159763313609	0.005917159763313609
Math/Math_79	[16, 26]	0.0664488017429194	0.058823529411764705
Math/Math_80	[12]	0.07692307692307693	0.07692307692307693
Math/Math_81	[0, 426, 443]	0.33714686583539044	1.0
Math/Math_82	[243]	0.004098360655737705	0.004098360655737705
Math/Math_83	[15, 51, 144]	0.04055039787798408	0.0625
Math/Math_84	[36]	0.02702702702702703	0.02702702702702703
Math/Math_85	[2]	0.3333333333333333	0.3333333333333333
Math/Math_86	[69, 75]	0.020300751879699246	0.014285714285714285
Math/Math_87	[68, 121]	0.015443098123069612	0.014492753623188406
Math/Math_88	[0, 1, 4, 7, 15]	0.6825	1.0
Math/Math_89	[0]	1.0	1.0
Math/Math_90	[6]	0.14285714285714285	0.14285714285714285
Math/Math_91	[0, 1]	1.0	1.0
Math/Math_92	[3, 4, 5, 21, 25]	0.3048251748251748	0.25
Math/Math_93	[0, 3, 8, 9]	0.5583333333333333	1.0
Math/Math_94	[3]	0.25	0.25
Math/Math_95	[2, 3, 5]	0.4444444444444444	0.3333333333333333
Math/Math_96	[4]	0.2	0.2
Math/Math_97	[1, 2, 5]	0.5555555555555555	0.5
Math/Math_98	[0, 7, 15, 16]	0.4181985294117647	1.0
Math/Math_99	[3, 18]	0.17763157894736842	0.25
Math/Math_100	[0]	1.0	1.0
Math/Math_101	[30]	0.03225806451612903	0.03225806451612903
Math/Math_102	[2, 6, 9]	0.30634920634920637	0.3333333333333333
Math/Math_103	[14]	0.06666666666666667	0.06666666666666667
Math/Math_104	[]	0.0	0.0
Math/Math_105	[18]	0.05263157894736842	0.05263157894736842
Math/Math_106	[9, 11]	0.13333333333333333	0.1
MAP	0.23643238787315055
MRR	0.27564412857001125
