Time/Time_1	[3, 11, 13, 937]	0.15880419331911869	0.25
Time/Time_2	[2, 18, 25, 26]	0.1755323136902084	0.3333333333333333
Time/Time_3	[4, 5, 6, 7, 8, 20]	0.38386243386243385	0.2
Time/Time_4	[33]	0.029411764705882353	0.029411764705882353
Time/Time_5	[7, 9, 11, 13]	0.2151785714285714	0.125
Time/Time_6	[41, 129, 342]	0.015980164959756796	0.023809523809523808
Time/Time_7	[44]	0.022222222222222223	0.022222222222222223
Time/Time_8	[0, 361]	0.5027624309392266	1.0
Time/Time_9	[0, 5, 9, 14, 360, 361]	0.3217375001913041	1.0
Time/Time_10	[180]	0.0055248618784530384	0.0055248618784530384
Time/Time_11	[277, 1077]	0.002726204935865779	0.0035971223021582736
Time/Time_12	[11, 12, 18, 21, 22, 23]	0.17404728503126674	0.08333333333333333
Time/Time_13	[2, 7]	0.29166666666666663	0.3333333333333333
Time/Time_14	[5]	0.16666666666666666	0.16666666666666666
Time/Time_15	[0]	1.0	1.0
Time/Time_16	[40]	0.024390243902439025	0.024390243902439025
Time/Time_17	[10, 15, 16, 17, 18]	0.17555195922068986	0.09090909090909091
Time/Time_18	[9]	0.1	0.1
Time/Time_19	[2]	0.3333333333333333	0.3333333333333333
Time/Time_20	[18, 22]	0.06979405034324943	0.05263157894736842
Time/Time_22	[16]	0.058823529411764705	0.058823529411764705
Time/Time_23	[8, 9, 10, 11, 12, 13, 14, 15, 16, 17, 18, 19, 20, 21, 22, 23, 24, 25, 26, 27, 28, 29, 30, 31, 32, 33, 34, 35, 36, 37, 38, 39, 52]	0.6102167982060636	0.1111111111111111
Time/Time_24	[631, 639]	0.002353639240506329	0.0015822784810126582
Time/Time_25	[53, 54, 1011]	0.01928219391987508	0.018518518518518517
Time/Time_26	[]	0.0	0.0
Time/Time_27	[740]	0.001349527665317139	0.001349527665317139
MAP	0.1869699444515724
MRR	0.20649543745634077
