Chart/Chart_1	[4]	0.2	0.2
Chart/Chart_2	[0, 1, 13, 15, 17, 21, 22, 23, 26, 30, 31, 35, 37, 42]	0.40379684961041024	1.0
Chart/Chart_3	[1]	0.5	0.5
Chart/Chart_4	[16]	0.058823529411764705	0.058823529411764705
Chart/Chart_5	[1, 2, 3, 5]	0.6458333333333333	0.5
Chart/Chart_6	[29]	0.03333333333333333	0.03333333333333333
Chart/Chart_7	[26, 39, 41, 42, 44, 48, 53]	0.08781122637316277	0.037037037037037035
Chart/Chart_8	[2]	0.3333333333333333	0.3333333333333333
Chart/Chart_9	[25, 27]	0.054945054945054944	0.038461538461538464
Chart/Chart_10	[0]	1.0	1.0
Chart/Chart_11	[1, 3, 4]	0.5333333333333333	0.5
Chart/Chart_12	[4]	0.2	0.2
Chart/Chart_13	[10]	0.09090909090909091	0.09090909090909091
Chart/Chart_14	[163, 164, 165, 166]	0.015060789515457905	0.006097560975609756
Chart/Chart_16	[9, 10]	0.14090909090909093	0.1
Chart/Chart_17	[0]	1.0	1.0
Chart/Chart_18	[0, 1, 10, 29, 30, 43]	0.4506190941674812	1.0
Chart/Chart_19	[76, 78]	0.01915173434160776	0.012987012987012988
Chart/Chart_20	[1, 2, 15]	0.45138888888888884	0.5
Chart/Chart_21	[16]	0.058823529411764705	0.058823529411764705
Chart/Chart_22	[5, 6, 7, 8, 9, 10, 34, 35, 53, 56, 57, 59, 62]	0.28289321587869687	0.16666666666666666
Chart/Chart_24	[0, 1, 4, 5]	0.8166666666666667	1.0
Chart/Chart_25	[1488, 1493, 1494, 1495, 1535, 1820, 1821, 1822, 1823, 1824]	0.0031884832103271656	6.71591672263264E-4
Chart/Chart_26	[387]	0.002577319587628866	0.002577319587628866
MAP	0.30764157904835115
MRR	0.34748839765779355
TOP-n	5	9	10	10	12	13	13	13	13	14	15	15	15	15	15	15	17	17	17	17	
