Chart/Chart_1	[112]	0.008849557522123894	0.008849557522123894
Chart/Chart_2	[0, 1, 3, 4, 5, 6, 7, 10, 11, 14, 16, 24, 50, 51]	0.7079005098542913	1.0
Chart/Chart_3	[0]	1.0	1.0
Chart/Chart_4	[26]	0.037037037037037035	0.037037037037037035
Chart/Chart_5	[0, 2, 5, 12]	0.6185897435897436	1.0
Chart/Chart_6	[52]	0.018867924528301886	0.018867924528301886
Chart/Chart_7	[6, 8, 13, 18, 20, 24, 26]	0.21817798464415006	0.14285714285714285
Chart/Chart_8	[6]	0.14285714285714285	0.14285714285714285
Chart/Chart_9	[5, 9]	0.18333333333333335	0.16666666666666666
Chart/Chart_10	[0]	1.0	1.0
Chart/Chart_11	[4, 6, 7]	0.28690476190476194	0.2
Chart/Chart_12	[69]	0.014285714285714285	0.014285714285714285
Chart/Chart_13	[106]	0.009345794392523364	0.009345794392523364
Chart/Chart_14	[193, 194, 195, 196]	0.01275543510214159	0.005154639175257732
Chart/Chart_16	[19, 20]	0.07261904761904761	0.05
Chart/Chart_17	[5]	0.16666666666666666	0.16666666666666666
Chart/Chart_18	[1, 3, 6, 21, 40, 41]	0.31253299545982477	0.5
Chart/Chart_19	[4, 5]	0.26666666666666666	0.2
Chart/Chart_20	[0, 8, 9]	0.5074074074074074	1.0
Chart/Chart_21	[8]	0.1111111111111111	0.1111111111111111
Chart/Chart_22	[3, 4, 5, 14, 15, 27, 28, 29, 30, 31, 32, 56, 57]	0.29402450144356357	0.25
Chart/Chart_24	[0, 1, 2, 3]	1.0	1.0
Chart/Chart_25	[1678, 1683, 1684, 1685, 1721, 1832, 1833, 1834, 1835, 1836]	0.0030635144468852534	5.955926146515784E-4
Chart/Chart_26	[387]	0.002577319587628866	0.002577319587628866
MAP	0.2914822570608361
MRR	0.33445301288758206
TOP-n	6	7	7	8	10	12	14	14	15	15	15	15	15	15	15	15	15	15	15	16	
