Chart/Chart_1	[104]	0.009523809523809525	0.009523809523809525
Chart/Chart_2	[0, 1, 3, 4, 5, 6, 7, 10, 12, 15, 17, 25, 39, 51]	0.7019240679954966	1.0
Chart/Chart_3	[0]	1.0	1.0
Chart/Chart_4	[26]	0.037037037037037035	0.037037037037037035
Chart/Chart_5	[0, 1, 4, 7]	0.775	1.0
Chart/Chart_6	[52]	0.018867924528301886	0.018867924528301886
Chart/Chart_7	[7, 8, 14, 18, 20, 24, 26]	0.2135861479094562	0.125
Chart/Chart_8	[5]	0.16666666666666666	0.16666666666666666
Chart/Chart_9	[6, 9]	0.17142857142857143	0.14285714285714285
Chart/Chart_10	[0]	1.0	1.0
Chart/Chart_11	[4, 6, 7]	0.28690476190476194	0.2
Chart/Chart_12	[40]	0.024390243902439025	0.024390243902439025
Chart/Chart_13	[104]	0.009523809523809525	0.009523809523809525
Chart/Chart_14	[193, 194, 195, 196]	0.01275543510214159	0.005154639175257732
Chart/Chart_16	[18, 19]	0.07631578947368421	0.05263157894736842
Chart/Chart_17	[3]	0.25	0.25
Chart/Chart_18	[1, 3, 5, 23, 40, 41]	0.3219125048393341	0.5
Chart/Chart_19	[4, 5]	0.26666666666666666	0.2
Chart/Chart_20	[0, 7, 8]	0.5277777777777778	1.0
Chart/Chart_21	[5]	0.16666666666666666	0.16666666666666666
Chart/Chart_22	[3, 4, 5, 13, 15, 27, 28, 29, 30, 31, 32, 56, 57]	0.29548970290876503	0.25
Chart/Chart_24	[0, 1, 2, 3]	1.0	1.0
Chart/Chart_25	[1678, 1683, 1684, 1685, 1721, 1832, 1833, 1834, 1835, 1836]	0.0030635144468852534	5.955926146515784E-4
Chart/Chart_26	[387]	0.002577319587628866	0.002577319587628866
MAP	0.30575326741207914
MRR	0.3400621846262825
TOP-n	6	7	7	9	11	13	14	15	15	15	15	15	15	15	15	15	15	15	16	16	
