Chart/Chart_1	[3]	0.25	0.25
Chart/Chart_2	[0, 1, 19, 20, 22, 24, 25, 26, 27, 30, 32, 36, 38, 46]	0.3783047934541047	1.0
Chart/Chart_3	[33]	0.029411764705882353	0.029411764705882353
Chart/Chart_4	[16]	0.058823529411764705	0.058823529411764705
Chart/Chart_5	[1, 2, 6, 7]	0.5238095238095237	0.5
Chart/Chart_6	[24]	0.04	0.04
Chart/Chart_7	[26, 39, 41, 42, 44, 49, 50]	0.08855069676449391	0.037037037037037035
Chart/Chart_8	[2]	0.3333333333333333	0.3333333333333333
Chart/Chart_9	[32, 35]	0.04292929292929293	0.030303030303030304
Chart/Chart_10	[0]	1.0	1.0
Chart/Chart_11	[0, 2, 3]	0.8055555555555555	1.0
Chart/Chart_12	[4]	0.2	0.2
Chart/Chart_13	[6]	0.14285714285714285	0.14285714285714285
Chart/Chart_14	[157, 158, 159, 160]	0.015625612693286575	0.006329113924050633
Chart/Chart_16	[9, 10]	0.14090909090909093	0.1
Chart/Chart_17	[0]	1.0	1.0
Chart/Chart_18	[0, 1, 17, 28, 29, 42]	0.4351332085895036	1.0
Chart/Chart_19	[112, 113]	0.01319670858562335	0.008849557522123894
Chart/Chart_20	[1, 2, 15]	0.45138888888888884	0.5
Chart/Chart_21	[17]	0.05555555555555555	0.05555555555555555
Chart/Chart_22	[5, 6, 7, 8, 9, 10, 34, 35, 56, 60, 61, 64, 65]	0.2784873664613515	0.16666666666666666
Chart/Chart_24	[0, 1, 4, 5]	0.8166666666666667	1.0
Chart/Chart_25	[1478, 1483, 1484, 1485, 1522, 1659, 1660, 1661, 1662, 1663]	0.0034082613432914626	6.76132521974307E-4
Chart/Chart_26	[387]	0.002577319587628866	0.002577319587628866
MAP	0.2961051796709159
MRR	0.3526008409760913
TOP-n	6	8	9	10	11	12	13	13	13	14	14	14	14	14	14	14	15	16	16	16	
