Chart/Chart_1	[39]	0.025	0.025
Chart/Chart_2	[0, 1, 2, 3, 6, 10, 11, 12, 13, 17, 18, 22, 24, 29]	0.6960160051709579	1.0
Chart/Chart_3	[0]	1.0	1.0
Chart/Chart_4	[16]	0.058823529411764705	0.058823529411764705
Chart/Chart_5	[0, 2, 3, 4]	0.8041666666666667	1.0
Chart/Chart_6	[46]	0.02127659574468085	0.02127659574468085
Chart/Chart_7	[10, 36, 38, 40, 41, 45, 50]	0.100883500159011	0.09090909090909091
Chart/Chart_8	[3]	0.25	0.25
Chart/Chart_9	[9, 12]	0.12692307692307692	0.1
Chart/Chart_10	[0]	1.0	1.0
Chart/Chart_11	[4, 6, 7]	0.28690476190476194	0.2
Chart/Chart_12	[4]	0.2	0.2
Chart/Chart_13	[21]	0.045454545454545456	0.045454545454545456
Chart/Chart_14	[189, 190, 191, 192]	0.013021187671063698	0.005263157894736842
Chart/Chart_16	[11, 12]	0.11858974358974358	0.08333333333333333
Chart/Chart_17	[0]	1.0	1.0
Chart/Chart_18	[1, 2, 3, 33, 34, 42]	0.38611762534471145	0.5
Chart/Chart_19	[4, 5]	0.26666666666666666	0.2
Chart/Chart_20	[1, 2, 3]	0.6388888888888888	0.5
Chart/Chart_21	[0]	1.0	1.0
Chart/Chart_22	[5, 6, 7, 8, 9, 10, 34, 35, 48, 49, 50, 52, 61]	0.2903811093918604	0.16666666666666666
Chart/Chart_24	[0, 1, 2, 3]	1.0	1.0
Chart/Chart_25	[1665, 1670, 1671, 1672, 1709, 1826, 1827, 1828, 1829, 1830]	0.0030773175692366877	6.002400960384153E-4
Chart/Chart_26	[387]	0.002577319587628866	0.002577319587628866
MAP	0.38894868917271946
MRR	0.39374601996243697
TOP-n	7	9	9	10	13	14	14	14	14	15	16	17	17	17	17	17	18	18	18	18	
