Chart/Chart_1	[8]	0.1111111111111111	0.1111111111111111
Chart/Chart_2	[0, 1, 5, 7, 10, 18, 19, 20, 21, 24, 26, 29, 31, 42]	0.48925835864494294	1.0
Chart/Chart_3	[0]	1.0	1.0
Chart/Chart_4	[16]	0.058823529411764705	0.058823529411764705
Chart/Chart_5	[1, 2, 3, 4]	0.6791666666666667	0.5
Chart/Chart_6	[36]	0.02702702702702703	0.02702702702702703
Chart/Chart_7	[29, 39, 41, 42, 44, 48, 53]	0.08728212584406225	0.03333333333333333
Chart/Chart_8	[2]	0.3333333333333333	0.3333333333333333
Chart/Chart_9	[20, 23]	0.06547619047619047	0.047619047619047616
Chart/Chart_10	[0]	1.0	1.0
Chart/Chart_11	[1, 3, 4]	0.5333333333333333	0.5
Chart/Chart_12	[4]	0.2	0.2
Chart/Chart_13	[10]	0.09090909090909091	0.09090909090909091
Chart/Chart_14	[185, 186, 187, 188]	0.013298249806082177	0.005376344086021506
Chart/Chart_16	[9, 10]	0.14090909090909093	0.1
Chart/Chart_17	[0]	1.0	1.0
Chart/Chart_18	[0, 1, 9, 29, 30, 41]	0.45624679979518684	1.0
Chart/Chart_19	[22, 24]	0.06173913043478261	0.043478260869565216
Chart/Chart_20	[1, 2, 3]	0.6388888888888888	0.5
Chart/Chart_21	[15]	0.0625	0.0625
Chart/Chart_22	[5, 6, 7, 8, 9, 10, 34, 35, 52, 53, 54, 56, 61]	0.28574633889125994	0.16666666666666666
Chart/Chart_24	[0, 1, 2, 3]	1.0	1.0
Chart/Chart_25	[1506, 1512, 1513, 1514, 1553, 1825, 1826, 1827, 1828, 1829]	0.003170357883581043	6.635700066357001E-4
Chart/Chart_26	[387]	0.002577319587628866	0.002577319587628866
MAP	0.34753320595641773
MRR	0.36597577641505113
TOP-n	6	9	10	10	11	12	12	12	13	14	15	15	15	15	15	16	17	17	17	17	
