Chart/Chart_1	[4]	0.2	0.2
Chart/Chart_2	[0, 1, 13, 15, 19, 23, 24, 25, 27, 30, 31, 35, 37, 41]	0.3963220834566032	1.0
Chart/Chart_3	[5]	0.16666666666666666	0.16666666666666666
Chart/Chart_4	[16]	0.058823529411764705	0.058823529411764705
Chart/Chart_5	[1, 2, 4, 7]	0.5666666666666667	0.5
Chart/Chart_6	[28]	0.034482758620689655	0.034482758620689655
Chart/Chart_7	[26, 39, 41, 42, 44, 48, 53]	0.08781122637316277	0.037037037037037035
Chart/Chart_8	[2]	0.3333333333333333	0.3333333333333333
Chart/Chart_9	[27, 29]	0.05119047619047619	0.03571428571428571
Chart/Chart_10	[0]	1.0	1.0
Chart/Chart_11	[0, 2, 3]	0.8055555555555555	1.0
Chart/Chart_12	[4]	0.2	0.2
Chart/Chart_13	[8]	0.1111111111111111	0.1111111111111111
Chart/Chart_14	[160, 161, 162, 163]	0.015338002753617108	0.006211180124223602
Chart/Chart_16	[9, 10]	0.14090909090909093	0.1
Chart/Chart_17	[0]	1.0	1.0
Chart/Chart_18	[0, 1, 12, 28, 29, 43]	0.44528842804704866	1.0
Chart/Chart_19	[106, 107]	0.013932156455520942	0.009345794392523364
Chart/Chart_20	[1, 2, 15]	0.45138888888888884	0.5
Chart/Chart_21	[16]	0.058823529411764705	0.058823529411764705
Chart/Chart_22	[5, 6, 7, 8, 9, 10, 34, 35, 53, 57, 58, 60, 62]	0.2821610630817691	0.16666666666666666
Chart/Chart_24	[0, 1, 4, 5]	0.8166666666666667	1.0
Chart/Chart_25	[1487, 1492, 1493, 1494, 1530, 1693, 1694, 1695, 1696, 1697]	0.0033542529979494876	6.720430107526882E-4
Chart/Chart_26	[387]	0.002577319587628866	0.002577319587628866
MAP	0.3017667835910823
MRR	0.35506105229535195
TOP-n	6	8	9	9	11	13	13	13	14	15	15	15	15	15	15	15	17	17	17	17	
