Chart/Chart_1	[114]	0.008695652173913044	0.008695652173913044
Chart/Chart_2	[0, 1, 3, 4, 5, 6, 7, 10, 11, 13, 15, 24, 50, 51]	0.714190525860694	1.0
Chart/Chart_3	[0]	1.0	1.0
Chart/Chart_4	[26]	0.037037037037037035	0.037037037037037035
Chart/Chart_5	[0, 2, 5, 12]	0.6185897435897436	1.0
Chart/Chart_6	[52]	0.018867924528301886	0.018867924528301886
Chart/Chart_7	[6, 7, 13, 18, 20, 24, 26]	0.222146238612404	0.14285714285714285
Chart/Chart_8	[9]	0.1	0.1
Chart/Chart_9	[5, 9]	0.18333333333333335	0.16666666666666666
Chart/Chart_10	[0]	1.0	1.0
Chart/Chart_11	[4, 6, 7]	0.28690476190476194	0.2
Chart/Chart_12	[74]	0.013333333333333334	0.013333333333333334
Chart/Chart_13	[109]	0.00909090909090909	0.00909090909090909
Chart/Chart_14	[193, 194, 195, 196]	0.01275543510214159	0.005154639175257732
Chart/Chart_16	[19, 20]	0.07261904761904761	0.05
Chart/Chart_17	[17]	0.05555555555555555	0.05555555555555555
Chart/Chart_18	[1, 4, 7, 20, 40, 41]	0.288380758807588	0.5
Chart/Chart_19	[4, 5]	0.26666666666666666	0.2
Chart/Chart_20	[0, 8, 9]	0.5074074074074074	1.0
Chart/Chart_21	[8]	0.1111111111111111	0.1111111111111111
Chart/Chart_22	[3, 4, 5, 14, 15, 27, 28, 29, 30, 31, 32, 57, 58]	0.2934530620551812	0.25
Chart/Chart_24	[0, 1, 2, 3]	1.0	1.0
Chart/Chart_25	[1678, 1683, 1684, 1685, 1721, 1832, 1833, 1834, 1835, 1836]	0.0030635144468852534	5.955926146515784E-4
Chart/Chart_26	[387]	0.002577319587628866	0.002577319587628866
MAP	0.28440747240931846
MRR	0.32798095348881284
TOP-n	6	7	7	8	10	11	12	12	13	14	14	14	14	14	14	14	14	15	15	16	
