Chart/Chart_1	[82]	0.012048192771084338	0.012048192771084338
Chart/Chart_2	[0, 1, 3, 6, 7, 8, 9, 13, 14, 15, 17, 20, 21, 28]	0.6689808002615883	1.0
Chart/Chart_3	[0]	1.0	1.0
Chart/Chart_4	[16]	0.058823529411764705	0.058823529411764705
Chart/Chart_5	[0, 2, 3, 6]	0.7470238095238095	1.0
Chart/Chart_6	[48]	0.02040816326530612	0.02040816326530612
Chart/Chart_7	[8, 10, 15, 16, 21, 23, 28]	0.20491077831341523	0.1111111111111111
Chart/Chart_8	[5]	0.16666666666666666	0.16666666666666666
Chart/Chart_9	[7, 10]	0.1534090909090909	0.125
Chart/Chart_10	[0]	1.0	1.0
Chart/Chart_11	[4, 6, 7]	0.28690476190476194	0.2
Chart/Chart_12	[20]	0.047619047619047616	0.047619047619047616
Chart/Chart_13	[44]	0.022222222222222223	0.022222222222222223
Chart/Chart_14	[193, 194, 195, 196]	0.01275543510214159	0.005154639175257732
Chart/Chart_16	[15, 16]	0.0900735294117647	0.0625
Chart/Chart_17	[2]	0.3333333333333333	0.3333333333333333
Chart/Chart_18	[1, 3, 4, 36, 38, 39]	0.33105220605220603	0.5
Chart/Chart_19	[4, 5]	0.26666666666666666	0.2
Chart/Chart_20	[0, 2, 3]	0.8055555555555555	1.0
Chart/Chart_21	[0]	1.0	1.0
Chart/Chart_22	[3, 4, 5, 11, 16, 22, 23, 24, 25, 26, 27, 53, 54]	0.3244580330956487	0.25
Chart/Chart_24	[0, 1, 2, 3]	1.0	1.0
Chart/Chart_25	[1672, 1677, 1678, 1679, 1715, 1832, 1833, 1834, 1835, 1836]	0.003066651514558567	5.977286312014345E-4
Chart/Chart_26	[387]	0.002577319587628866	0.002577319587628866
MAP	0.3566064913828442
MRR	0.379919248074776
TOP-n	7	8	9	10	12	13	13	14	15	15	15	15	15	15	15	16	17	17	17	17	
