Chart/Chart_1	[24]	0.04	0.04
Chart/Chart_2	[0, 1, 2, 5, 8, 11, 12, 13, 14, 17, 18, 22, 30, 36]	0.634720543115127	1.0
Chart/Chart_3	[0]	1.0	1.0
Chart/Chart_4	[16]	0.058823529411764705	0.058823529411764705
Chart/Chart_5	[1, 2, 3, 4]	0.6791666666666667	0.5
Chart/Chart_6	[42]	0.023255813953488372	0.023255813953488372
Chart/Chart_7	[28, 37, 39, 40, 42, 46, 51]	0.09117562028981796	0.034482758620689655
Chart/Chart_8	[3]	0.25	0.25
Chart/Chart_9	[10, 15]	0.10795454545454546	0.09090909090909091
Chart/Chart_10	[0]	1.0	1.0
Chart/Chart_11	[3, 5, 6]	0.33730158730158727	0.25
Chart/Chart_12	[4]	0.2	0.2
Chart/Chart_13	[13]	0.07142857142857142	0.07142857142857142
Chart/Chart_14	[188, 189, 190, 191]	0.013089365174133703	0.005291005291005291
Chart/Chart_16	[9, 10]	0.14090909090909093	0.1
Chart/Chart_17	[0]	1.0	1.0
Chart/Chart_18	[0, 2, 5, 31, 32, 42]	0.43045278365045797	1.0
Chart/Chart_19	[6, 8]	0.18253968253968253	0.14285714285714285
Chart/Chart_20	[1, 2, 3]	0.6388888888888888	0.5
Chart/Chart_21	[2]	0.3333333333333333	0.3333333333333333
Chart/Chart_22	[5, 6, 7, 8, 9, 10, 34, 35, 50, 51, 52, 56, 62]	0.2871310105380886	0.16666666666666666
Chart/Chart_24	[0, 1, 2, 3]	1.0	1.0
Chart/Chart_25	[1663, 1669, 1670, 1671, 1708, 1826, 1827, 1828, 1829, 1830]	0.0030778828498671047	6.009615384615385E-4
Chart/Chart_26	[387]	0.002577319587628866	0.002577319587628866
MAP	0.35524275979553094
MRR	0.36542609139991017
TOP-n	6	8	9	11	12	13	14	14	14	15	16	16	16	17	17	17	18	18	18	18	
