Chart/Chart_1	[99]	0.01	0.01
Chart/Chart_2	[0, 1, 3, 4, 6, 7, 8, 11, 13, 16, 18, 25, 26, 32]	0.6882880236705977	1.0
Chart/Chart_3	[0]	1.0	1.0
Chart/Chart_4	[24]	0.04	0.04
Chart/Chart_5	[0, 2, 3, 6]	0.7470238095238095	1.0
Chart/Chart_6	[51]	0.019230769230769232	0.019230769230769232
Chart/Chart_7	[9, 10, 15, 19, 21, 24, 26]	0.19940716690716692	0.1
Chart/Chart_8	[5]	0.16666666666666666	0.16666666666666666
Chart/Chart_9	[7, 9]	0.1625	0.125
Chart/Chart_10	[0]	1.0	1.0
Chart/Chart_11	[4, 6, 7]	0.28690476190476194	0.2
Chart/Chart_12	[23]	0.041666666666666664	0.041666666666666664
Chart/Chart_13	[65]	0.015151515151515152	0.015151515151515152
Chart/Chart_14	[193, 194, 195, 196]	0.01275543510214159	0.005154639175257732
Chart/Chart_16	[17, 18]	0.0804093567251462	0.05555555555555555
Chart/Chart_17	[3]	0.25	0.25
Chart/Chart_18	[1, 3, 5, 27, 38, 39]	0.32017704517704515	0.5
Chart/Chart_19	[4, 5]	0.26666666666666666	0.2
Chart/Chart_20	[0, 2, 3]	0.8055555555555555	1.0
Chart/Chart_21	[0]	1.0	1.0
Chart/Chart_22	[3, 4, 5, 12, 15, 26, 27, 28, 29, 30, 31, 55, 56]	0.30207408721274215	0.25
Chart/Chart_24	[0, 1, 2, 3]	1.0	1.0
Chart/Chart_25	[1672, 1677, 1678, 1679, 1715, 1832, 1833, 1834, 1835, 1836]	0.003066651514558567	5.977286312014345E-4
Chart/Chart_26	[387]	0.002577319587628866	0.002577319587628866
MAP	0.35083839571930997
MRR	0.37423336919438593
TOP-n	7	8	8	10	12	13	13	14	14	15	15	15	15	15	15	15	15	16	16	16	
