Chart/Chart_1	[58]	0.01694915254237288	0.01694915254237288
Chart/Chart_2	[0, 1, 3, 5, 7, 8, 9, 10, 14, 15, 16, 19, 23, 29]	0.6868570155334861	1.0
Chart/Chart_3	[0]	1.0	1.0
Chart/Chart_4	[16]	0.058823529411764705	0.058823529411764705
Chart/Chart_5	[0, 2, 3, 5]	0.7708333333333333	1.0
Chart/Chart_6	[48]	0.02040816326530612	0.02040816326530612
Chart/Chart_7	[12, 14, 19, 20, 26, 27, 29]	0.16907669050526192	0.07692307692307693
Chart/Chart_8	[5]	0.16666666666666666	0.16666666666666666
Chart/Chart_9	[7, 10]	0.1534090909090909	0.125
Chart/Chart_10	[0]	1.0	1.0
Chart/Chart_11	[4, 6, 7]	0.28690476190476194	0.2
Chart/Chart_12	[15]	0.0625	0.0625
Chart/Chart_13	[41]	0.023809523809523808	0.023809523809523808
Chart/Chart_14	[193, 194, 195, 196]	0.01275543510214159	0.005154639175257732
Chart/Chart_16	[12, 13]	0.10989010989010989	0.07692307692307693
Chart/Chart_17	[1]	0.5	0.5
Chart/Chart_18	[1, 2, 4, 36, 37, 39]	0.35939228702386594	0.5
Chart/Chart_19	[4, 5]	0.26666666666666666	0.2
Chart/Chart_20	[0, 2, 3]	0.8055555555555555	1.0
Chart/Chart_21	[0]	1.0	1.0
Chart/Chart_22	[4, 5, 6, 10, 16, 21, 22, 23, 24, 25, 26, 51, 52]	0.31985709587749683	0.2
Chart/Chart_24	[0, 1, 2, 3]	1.0	1.0
Chart/Chart_25	[1671, 1676, 1677, 1678, 1714, 1832, 1833, 1834, 1835, 1836]	0.0030671765254159816	5.980861244019139E-4
Chart/Chart_26	[387]	0.002577319587628866	0.002577319587628866
MAP	0.36649998225460206
MRR	0.3848472181012115
TOP-n	7	9	9	9	12	13	13	14	14	14	14	14	16	16	16	17	18	18	18	18	
