Chart/Chart_1	[3]	0.25	0.25
Chart/Chart_2	[0, 1, 14, 20, 22, 24, 25, 26, 27, 30, 31, 35, 37, 42]	0.38586955491292924	1.0
Chart/Chart_3	[6]	0.14285714285714285	0.14285714285714285
Chart/Chart_4	[16]	0.058823529411764705	0.058823529411764705
Chart/Chart_5	[1, 2, 6, 7]	0.5238095238095237	0.5
Chart/Chart_6	[25]	0.038461538461538464	0.038461538461538464
Chart/Chart_7	[26, 39, 41, 42, 44, 48, 53]	0.08781122637316277	0.037037037037037035
Chart/Chart_8	[2]	0.3333333333333333	0.3333333333333333
Chart/Chart_9	[32, 34]	0.04372294372294372	0.030303030303030304
Chart/Chart_10	[0]	1.0	1.0
Chart/Chart_11	[0, 2, 3]	0.8055555555555555	1.0
Chart/Chart_12	[4]	0.2	0.2
Chart/Chart_13	[6]	0.14285714285714285	0.14285714285714285
Chart/Chart_14	[158, 159, 160, 161]	0.015528551643365699	0.006289308176100629
Chart/Chart_16	[9, 10]	0.14090909090909093	0.1
Chart/Chart_17	[0]	1.0	1.0
Chart/Chart_18	[0, 1, 16, 28, 29, 42]	0.4367671955176082	1.0
Chart/Chart_19	[107, 108]	0.013803941556235134	0.009259259259259259
Chart/Chart_20	[1, 2, 15]	0.45138888888888884	0.5
Chart/Chart_21	[17]	0.05555555555555555	0.05555555555555555
Chart/Chart_22	[5, 6, 7, 8, 9, 10, 34, 35, 57, 60, 61, 64, 66]	0.27805181497885684	0.16666666666666666
Chart/Chart_24	[0, 1, 4, 5]	0.8166666666666667	1.0
Chart/Chart_25	[1480, 1485, 1486, 1487, 1526, 1671, 1672, 1673, 1674, 1675]	0.003389247674170843	6.752194463200541E-4
Chart/Chart_26	[387]	0.002577319587628866	0.002577319587628866
MAP	0.3011558235113793
MRR	0.3572790034563551
TOP-n	6	8	9	10	11	12	14	14	14	15	15	15	15	15	15	15	16	17	17	17	
