Chart/Chart_1	[111]	0.008928571428571428	0.008928571428571428
Chart/Chart_2	[0, 1, 3, 4, 5, 6, 7, 10, 12, 14, 17, 25, 50, 51]	0.6998932556705666	1.0
Chart/Chart_3	[0]	1.0	1.0
Chart/Chart_4	[26]	0.037037037037037035	0.037037037037037035
Chart/Chart_5	[0, 2, 5, 7]	0.6666666666666666	1.0
Chart/Chart_6	[52]	0.018867924528301886	0.018867924528301886
Chart/Chart_7	[7, 8, 14, 18, 20, 24, 26]	0.2135861479094562	0.125
Chart/Chart_8	[5]	0.16666666666666666	0.16666666666666666
Chart/Chart_9	[5, 9]	0.18333333333333335	0.16666666666666666
Chart/Chart_10	[0]	1.0	1.0
Chart/Chart_11	[4, 6, 7]	0.28690476190476194	0.2
Chart/Chart_12	[69]	0.014285714285714285	0.014285714285714285
Chart/Chart_13	[104]	0.009523809523809525	0.009523809523809525
Chart/Chart_14	[193, 194, 195, 196]	0.01275543510214159	0.005154639175257732
Chart/Chart_16	[19, 20]	0.07261904761904761	0.05
Chart/Chart_17	[3]	0.25	0.25
Chart/Chart_18	[1, 3, 6, 21, 40, 41]	0.31253299545982477	0.5
Chart/Chart_19	[4, 5]	0.26666666666666666	0.2
Chart/Chart_20	[0, 7, 8]	0.5277777777777778	1.0
Chart/Chart_21	[6]	0.14285714285714285	0.14285714285714285
Chart/Chart_22	[3, 4, 5, 14, 15, 27, 28, 29, 30, 31, 32, 56, 57]	0.29402450144356357	0.25
Chart/Chart_24	[0, 1, 2, 3]	1.0	1.0
Chart/Chart_25	[1678, 1683, 1684, 1685, 1721, 1832, 1833, 1834, 1835, 1836]	0.0030635144468852534	5.955926146515784E-4
Chart/Chart_26	[387]	0.002577319587628866	0.002577319587628866
MAP	0.29960701207981516
MRR	0.33950671184881037
TOP-n	6	7	7	9	11	13	14	15	15	15	15	15	15	15	15	15	15	15	15	16	
