Chart/Chart_1	[22]	0.043478260869565216	0.043478260869565216
Chart/Chart_2	[0, 1, 3, 6, 9, 11, 12, 13, 14, 23, 26, 29, 31, 36]	0.5742872238407953	1.0
Chart/Chart_3	[0]	1.0	1.0
Chart/Chart_4	[16]	0.058823529411764705	0.058823529411764705
Chart/Chart_5	[1, 2, 3, 4]	0.6791666666666667	0.5
Chart/Chart_6	[38]	0.02564102564102564	0.02564102564102564
Chart/Chart_7	[28, 38, 40, 41, 43, 47, 52]	0.08926935316894716	0.034482758620689655
Chart/Chart_8	[2]	0.3333333333333333	0.3333333333333333
Chart/Chart_9	[13, 21]	0.08116883116883117	0.07142857142857142
Chart/Chart_10	[0]	1.0	1.0
Chart/Chart_11	[3, 5, 6]	0.33730158730158727	0.25
Chart/Chart_12	[4]	0.2	0.2
Chart/Chart_13	[10]	0.09090909090909091	0.09090909090909091
Chart/Chart_14	[186, 187, 188, 189]	0.01322788472679784	0.0053475935828877
Chart/Chart_16	[9, 10]	0.14090909090909093	0.1
Chart/Chart_17	[0]	1.0	1.0
Chart/Chart_18	[0, 1, 9, 30, 31, 41]	0.45468990015360977	1.0
Chart/Chart_19	[7, 8]	0.1736111111111111	0.125
Chart/Chart_20	[1, 2, 3]	0.6388888888888888	0.5
Chart/Chart_21	[2]	0.3333333333333333	0.3333333333333333
Chart/Chart_22	[5, 6, 7, 8, 9, 10, 34, 35, 52, 53, 54, 55, 61]	0.28603552339097077	0.16666666666666666
Chart/Chart_24	[0, 1, 2, 3]	1.0	1.0
Chart/Chart_25	[1527, 1532, 1533, 1534, 1575, 1826, 1827, 1828, 1829, 1830]	0.0031560103174430795	6.544502617801048E-4
Chart/Chart_26	[387]	0.002577319587628866	0.002577319587628866
MAP	0.3566586651971034
MRR	0.3684031639019308
TOP-n	6	8	10	11	12	13	13	14	14	15	16	16	16	17	17	17	18	18	18	18	
