Chart/Chart_1	[98]	0.010101010101010102	0.010101010101010102
Chart/Chart_2	[0, 1, 3, 5, 6, 7, 8, 12, 14, 16, 18, 19, 26, 27]	0.6873413512953538	1.0
Chart/Chart_3	[0]	1.0	1.0
Chart/Chart_4	[16]	0.058823529411764705	0.058823529411764705
Chart/Chart_5	[0, 2, 3, 6]	0.7470238095238095	1.0
Chart/Chart_6	[48]	0.02040816326530612	0.02040816326530612
Chart/Chart_7	[8, 10, 15, 19, 21, 23, 26]	0.20242303992303995	0.1111111111111111
Chart/Chart_8	[5]	0.16666666666666666	0.16666666666666666
Chart/Chart_9	[7, 9]	0.1625	0.125
Chart/Chart_10	[0]	1.0	1.0
Chart/Chart_11	[4, 6, 7]	0.28690476190476194	0.2
Chart/Chart_12	[21]	0.045454545454545456	0.045454545454545456
Chart/Chart_13	[50]	0.0196078431372549	0.0196078431372549
Chart/Chart_14	[193, 194, 195, 196]	0.01275543510214159	0.005154639175257732
Chart/Chart_16	[15, 16]	0.0900735294117647	0.0625
Chart/Chart_17	[3]	0.25	0.25
Chart/Chart_18	[1, 3, 4, 31, 38, 39]	0.33386752136752135	0.5
Chart/Chart_19	[4, 5]	0.26666666666666666	0.2
Chart/Chart_20	[0, 2, 3]	0.8055555555555555	1.0
Chart/Chart_21	[0]	1.0	1.0
Chart/Chart_22	[3, 4, 5, 12, 15, 25, 26, 27, 28, 29, 30, 55, 56]	0.30667752644279644	0.25
Chart/Chart_24	[0, 1, 2, 3]	1.0	1.0
Chart/Chart_25	[1672, 1677, 1678, 1679, 1715, 1832, 1833, 1834, 1835, 1836]	0.003066651514558567	5.977286312014345E-4
Chart/Chart_26	[387]	0.002577319587628866	0.002577319587628866
MAP	0.3532706219305061
MRR	0.3761667731892395
TOP-n	7	8	8	10	12	13	13	14	15	15	15	15	15	15	15	16	17	17	17	17	
