Chart/Chart_1	[99]	0.01	0.01
Chart/Chart_2	[0, 1, 3, 4, 5, 6, 7, 11, 13, 16, 18, 25, 31, 46]	0.6969888188930495	1.0
Chart/Chart_3	[0]	1.0	1.0
Chart/Chart_4	[25]	0.038461538461538464	0.038461538461538464
Chart/Chart_5	[0, 1, 3, 6]	0.8303571428571428	1.0
Chart/Chart_6	[51]	0.019230769230769232	0.019230769230769232
Chart/Chart_7	[9, 10, 14, 18, 20, 24, 26]	0.20424271356602186	0.1
Chart/Chart_8	[5]	0.16666666666666666	0.16666666666666666
Chart/Chart_9	[6, 9]	0.17142857142857143	0.14285714285714285
Chart/Chart_10	[0]	1.0	1.0
Chart/Chart_11	[4, 6, 7]	0.28690476190476194	0.2
Chart/Chart_12	[23]	0.041666666666666664	0.041666666666666664
Chart/Chart_13	[99]	0.01	0.01
Chart/Chart_14	[193, 194, 195, 196]	0.01275543510214159	0.005154639175257732
Chart/Chart_16	[18, 19]	0.07631578947368421	0.05263157894736842
Chart/Chart_17	[3]	0.25	0.25
Chart/Chart_18	[1, 3, 5, 27, 40, 41]	0.31794425087108014	0.5
Chart/Chart_19	[4, 5]	0.26666666666666666	0.2
Chart/Chart_20	[0, 2, 3]	0.8055555555555555	1.0
Chart/Chart_21	[2]	0.3333333333333333	0.3333333333333333
Chart/Chart_22	[3, 4, 5, 12, 15, 27, 28, 29, 30, 31, 32, 56, 57]	0.29718031998399747	0.25
Chart/Chart_24	[0, 1, 2, 3]	1.0	1.0
Chart/Chart_25	[1678, 1683, 1684, 1685, 1721, 1832, 1833, 1834, 1835, 1836]	0.0030635144468852534	5.955926146515784E-4
Chart/Chart_26	[387]	0.002577319587628866	0.002577319587628866
MAP	0.32672249311234003
MRR	0.3467989686475426
TOP-n	6	7	8	10	12	13	14	14	14	15	15	15	15	15	15	15	15	15	16	16	
