Chart/Chart_1	[4]	0.2	0.2
Chart/Chart_2	[0, 1, 6, 7, 17, 18, 19, 20, 21, 25, 26, 34, 37, 42]	0.4617677545330981	1.0
Chart/Chart_3	[1]	0.5	0.5
Chart/Chart_4	[16]	0.058823529411764705	0.058823529411764705
Chart/Chart_5	[1, 2, 3, 5]	0.6458333333333333	0.5
Chart/Chart_6	[34]	0.02857142857142857	0.02857142857142857
Chart/Chart_7	[25, 39, 41, 42, 44, 48, 53]	0.08801472657666298	0.038461538461538464
Chart/Chart_8	[2]	0.3333333333333333	0.3333333333333333
Chart/Chart_9	[23, 27]	0.05654761904761904	0.041666666666666664
Chart/Chart_10	[0]	1.0	1.0
Chart/Chart_11	[1, 3, 4]	0.5333333333333333	0.5
Chart/Chart_12	[4]	0.2	0.2
Chart/Chart_13	[10]	0.09090909090909091	0.09090909090909091
Chart/Chart_14	[168, 169, 170, 171]	0.014620384812069433	0.005917159763313609
Chart/Chart_16	[9, 10]	0.14090909090909093	0.1
Chart/Chart_17	[0]	1.0	1.0
Chart/Chart_18	[0, 1, 9, 29, 30, 43]	0.4551645487129357	1.0
Chart/Chart_19	[46, 47]	0.031471631205673756	0.02127659574468085
Chart/Chart_20	[1, 2, 3]	0.6388888888888888	0.5
Chart/Chart_21	[16]	0.058823529411764705	0.058823529411764705
Chart/Chart_22	[5, 6, 7, 8, 9, 10, 34, 35, 52, 53, 54, 56, 62]	0.2854903225062113	0.16666666666666666
Chart/Chart_24	[0, 1, 3, 4]	0.8875	1.0
Chart/Chart_25	[1495, 1500, 1501, 1502, 1540, 1820, 1821, 1822, 1823, 1824]	0.003184307968826102	6.684491978609625E-4
Chart/Chart_26	[387]	0.002577319587628866	0.002577319587628866
MAP	0.3214901738771981
MRR	0.34782063782190575
TOP-n	5	9	10	10	12	13	13	13	13	14	15	15	15	15	15	15	17	17	17	17	
