Closure/Closure_1	[10]	0.09090909090909091	0.09090909090909091
Closure/Closure_2	[58, 108]	0.017648888197791944	0.01694915254237288
Closure/Closure_3	[50, 406]	0.012260924025629907	0.0196078431372549
Closure/Closure_5	[175]	0.005681818181818182	0.005681818181818182
Closure/Closure_6	[146, 147, 175, 177]	0.014958399814940746	0.006802721088435374
Closure/Closure_7	[0, 6, 33]	0.45798319327731085	1.0
Closure/Closure_8	[2, 3, 4]	0.4777777777777777	0.3333333333333333
Closure/Closure_9	[3]	0.25	0.25
Closure/Closure_10	[164, 165]	0.0090543994158452	0.006060606060606061
Closure/Closure_11	[385, 447]	0.003527479644707624	0.0025906735751295338
Closure/Closure_13	[2524]	3.9603960396039607E-4	3.9603960396039607E-4
Closure/Closure_14	[92, 297, 365]	0.00855360629316386	0.010752688172043012
Closure/Closure_16	[16, 28, 74, 81, 98, 99, 261]	0.050541734602140134	0.058823529411764705
Closure/Closure_17	[103]	0.009615384615384616	0.009615384615384616
Closure/Closure_18	[673]	0.001483679525222552	0.001483679525222552
Closure/Closure_20	[1]	0.5	0.5
Closure/Closure_21	[9, 13, 16, 17, 54, 64]	0.1374611227552404	0.1
Closure/Closure_22	[9, 16, 18, 19, 65, 137]	0.11579627204879595	0.1
Closure/Closure_23	[0, 170, 552, 555]	0.25607877645727706	1.0
Closure/Closure_24	[24, 25]	0.05846153846153847	0.04
Closure/Closure_25	[28, 76, 104, 117, 119]	0.03291863698351132	0.034482758620689655
Closure/Closure_26	[237]	0.004201680672268907	0.004201680672268907
Closure/Closure_27	[2, 3, 4]	0.4777777777777777	0.3333333333333333
Closure/Closure_29	[20, 76, 143]	0.031475468975468976	0.047619047619047616
Closure/Closure_30	[334]	0.0029850746268656717	0.0029850746268656717
Closure/Closure_31	[651, 654]	0.0022935887228960803	0.0015337423312883436
Closure/Closure_32	[4, 6, 9, 16]	0.2552521008403361	0.2
Closure/Closure_34	[0, 1, 18, 19, 20, 22, 52, 69, 90]	0.3557913138932957	1.0
Closure/Closure_35	[1, 154, 215]	0.17559737156511349	0.5
Closure/Closure_36	[411, 1476]	0.0018906403034227078	0.0024271844660194173
Closure/Closure_37	[467, 482]	0.0031387694431172695	0.002136752136752137
Closure/Closure_38	[29, 39, 40]	0.0521680216802168	0.03333333333333333
Closure/Closure_39	[0]	1.0	1.0
Closure/Closure_40	[5, 38, 46, 265, 520]	0.06128260563008968	0.16666666666666666
Closure/Closure_41	[188, 199, 697, 706, 1151]	0.00591739719322594	0.005291005291005291
Closure/Closure_42	[22, 23]	0.06340579710144928	0.043478260869565216
Closure/Closure_43	[277, 351, 386, 427]	0.006594168215248986	0.0035971223021582736
Closure/Closure_44	[75]	0.013157894736842105	0.013157894736842105
Closure/Closure_45	[31, 32, 54, 74]	0.04993371212121212	0.03125
Closure/Closure_46	[6, 8, 9, 12, 50]	0.21416217769158946	0.14285714285714285
Closure/Closure_47	[471]	0.00211864406779661	0.00211864406779661
Closure/Closure_48	[10, 50, 153, 197, 253]	0.037898471247243826	0.09090909090909091
Closure/Closure_49	[488, 579, 624, 1122, 1894, 1895]	0.0032763721378533867	0.002044989775051125
Closure/Closure_50	[13, 16]	0.09453781512605042	0.07142857142857142
Closure/Closure_51	[38]	0.02564102564102564	0.02564102564102564
Closure/Closure_52	[3, 8]	0.2361111111111111	0.25
Closure/Closure_53	[9, 12]	0.12692307692307692	0.1
Closure/Closure_54	[20, 30, 113, 2231, 2286, 2548]	0.024130535883970707	0.047619047619047616
Closure/Closure_55	[215]	0.004629629629629629	0.004629629629629629
Closure/Closure_56	[3, 4]	0.325	0.25
Closure/Closure_57	[9]	0.1	0.1
Closure/Closure_58	[45, 66]	0.025794938351719664	0.021739130434782608
Closure/Closure_59	[1130]	8.841732979664014E-4	8.841732979664014E-4
Closure/Closure_60	[585]	0.0017064846416382253	0.0017064846416382253
Closure/Closure_61	[12]	0.07692307692307693	0.07692307692307693
Closure/Closure_62	[0, 1, 3, 4, 6, 19]	0.7607142857142857	1.0
Closure/Closure_65	[0]	1.0	1.0
Closure/Closure_66	[193]	0.005154639175257732	0.005154639175257732
Closure/Closure_67	[88, 147]	0.012374734284846645	0.011235955056179775
Closure/Closure_68	[0, 75]	0.5131578947368421	1.0
Closure/Closure_69	[76, 139, 163, 186, 209]	0.01815306166812623	0.012987012987012988
Closure/Closure_70	[197, 260, 325]	0.007305264762425753	0.005050505050505051
Closure/Closure_71	[6, 23, 26, 38]	0.10996642246642246	0.14285714285714285
Closure/Closure_72	[82, 303, 304]	0.009487735237758628	0.012048192771084338
Closure/Closure_73	[9]	0.1	0.1
Closure/Closure_74	[2, 3, 6, 35]	0.34325396825396826	0.3333333333333333
Closure/Closure_75	[27]	0.03571428571428571	0.03571428571428571
Closure/Closure_76	[6, 10, 11, 17, 21, 30, 34, 49]	0.19721483265838102	0.14285714285714285
Closure/Closure_77	[0]	1.0	1.0
Closure/Closure_78	[2]	0.3333333333333333	0.3333333333333333
Closure/Closure_79	[31]	0.03125	0.03125
Closure/Closure_81	[18, 20, 21]	0.0947444368497	0.05263157894736842
Closure/Closure_84	[20]	0.047619047619047616	0.047619047619047616
Closure/Closure_85	[0, 33, 35, 42, 108, 158]	0.21979792120811378	1.0
Closure/Closure_87	[49, 83]	0.021904761904761906	0.02
Closure/Closure_88	[13, 26, 30]	0.0807589463503442	0.07142857142857142
Closure/Closure_89	[31, 57, 96]	0.03222019789074535	0.03125
Closure/Closure_90	[6, 7, 1023]	0.13192894345238096	0.14285714285714285
Closure/Closure_91	[627]	0.0015923566878980893	0.0015923566878980893
Closure/Closure_92	[0, 6]	0.6428571428571428	1.0
Closure/Closure_94	[65, 73]	0.02108927108927109	0.015151515151515152
Closure/Closure_95	[633, 893, 903, 1139]	0.002660444883047866	0.0015772870662460567
Closure/Closure_96	[177, 178, 179]	0.011152609517432818	0.0056179775280898875
Closure/Closure_97	[21, 22, 25]	0.08259856085943043	0.045454545454545456
Closure/Closure_98	[1029, 1030]	0.0014553689979565508	9.70873786407767E-4
Closure/Closure_99	[27, 195]	0.022959183673469385	0.03571428571428571
Closure/Closure_100	[99, 226]	0.009405286343612335	0.01
Closure/Closure_103	[5, 17, 474]	0.09469785575048734	0.16666666666666666
Closure/Closure_104	[3]	0.25	0.25
Closure/Closure_105	[653]	0.0015290519877675841	0.0015290519877675841
Closure/Closure_106	[599, 892]	0.0019531541620007465	0.0016666666666666668
Closure/Closure_107	[659]	0.0015151515151515152	0.0015151515151515152
Closure/Closure_108	[43, 99, 165, 293, 305, 350]	0.01797314840597214	0.022727272727272728
Closure/Closure_109	[20]	0.047619047619047616	0.047619047619047616
Closure/Closure_110	[0, 1, 2, 3]	1.0	1.0
Closure/Closure_112	[19, 41, 88, 2147]	0.03329727754512765	0.05
Closure/Closure_113	[3, 14]	0.19166666666666665	0.25
Closure/Closure_114	[85, 92]	0.016566641660415105	0.011627906976744186
Closure/Closure_115	[6, 12, 16, 139, 146]	0.10715178379043926	0.14285714285714285
Closure/Closure_116	[8, 57, 76]	0.06151830289761325	0.1111111111111111
Closure/Closure_117	[3]	0.25	0.25
Closure/Closure_118	[87]	0.011363636363636364	0.011363636363636364
Closure/Closure_120	[196]	0.005076142131979695	0.005076142131979695
Closure/Closure_121	[47, 159, 161, 274]	0.0165993265993266	0.020833333333333332
Closure/Closure_122	[5]	0.16666666666666666	0.16666666666666666
Closure/Closure_123	[62, 101]	0.017740429505135387	0.015873015873015872
Closure/Closure_124	[3]	0.25	0.25
Closure/Closure_125	[100]	0.009900990099009901	0.009900990099009901
Closure/Closure_126	[0, 2, 64, 100, 105, 108]	0.30910669268282337	1.0
Closure/Closure_127	[83, 84, 199]	0.01681139122315593	0.011904761904761904
Closure/Closure_128	[2, 7]	0.29166666666666663	0.3333333333333333
Closure/Closure_129	[1593]	6.273525721455458E-4	6.273525721455458E-4
Closure/Closure_130	[173]	0.005747126436781609	0.005747126436781609
Closure/Closure_131	[18, 46, 52]	0.050596181340545256	0.05263157894736842
Closure/Closure_132	[0, 1, 4, 35]	0.6777777777777778	1.0
Closure/Closure_133	[80]	0.012345679012345678	0.012345679012345678
MAP	0.13959524791407518
MRR	0.1811923429703915
TOP-n	13	15	20	27	28	31	36	36	37	42	44	44	45	47	47	47	48	48	50	51	
