Math/Math_1	[9, 12, 13, 18, 39, 41]	0.15775255446308079	0.1
Math/Math_3	[3, 4, 9]	0.31666666666666665	0.25
Math/Math_4	[27, 28]	0.05233990147783251	0.03571428571428571
Math/Math_5	[1]	0.5	0.5
Math/Math_6	[53, 124, 216, 663, 706, 745, 803, 807, 812, 813, 902, 914, 993, 1060, 1084, 1114, 1115, 1159, 1265, 1270, 1597]	0.012658328388681219	0.018518518518518517
Math/Math_7	[1, 3, 24, 41, 74, 82, 116, 120, 124, 178, 205, 206, 211, 281, 487]	0.12407183500523288	0.5
Math/Math_8	[0, 6]	0.6428571428571428	1.0
Math/Math_9	[1, 2]	0.5833333333333333	0.5
Math/Math_10	[5, 6, 24, 25, 32]	0.17554845154845153	0.16666666666666666
Math/Math_11	[23, 56, 177]	0.03120277284972731	0.041666666666666664
Math/Math_13	[52]	0.018867924528301886	0.018867924528301886
Math/Math_14	[75, 95]	0.016995614035087717	0.013157894736842105
Math/Math_15	[211]	0.0047169811320754715	0.0047169811320754715
Math/Math_16	[201, 240]	0.006624625118113471	0.0049504950495049506
Math/Math_17	[11]	0.08333333333333333	0.08333333333333333
Math/Math_18	[297, 299, 301, 302, 330, 331, 396, 403]	0.012971214710077592	0.003355704697986577
Math/Math_19	[7, 11, 36, 76]	0.10617394992394992	0.125
Math/Math_20	[575]	0.001736111111111111	0.001736111111111111
Math/Math_21	[1, 10, 32, 34, 35, 36, 37, 40, 41, 47, 49, 51, 53, 54, 59, 76, 94, 106, 109]	0.20598748090946142	0.5
Math/Math_23	[40, 44, 123]	0.031009412244660084	0.024390243902439025
Math/Math_24	[42, 45, 131]	0.029820449183442104	0.023255813953488372
Math/Math_25	[8]	0.1111111111111111	0.1111111111111111
Math/Math_26	[20, 22, 23, 33]	0.09430565704542687	0.047619047619047616
Math/Math_28	[7]	0.125	0.125
Math/Math_29	[18, 20, 48, 49, 50, 116]	0.07306923849161796	0.05263157894736842
Math/Math_30	[100, 137]	0.012196871861099154	0.009900990099009901
Math/Math_31	[130, 173, 176, 187, 190, 191, 193, 195, 203, 205, 211, 213]	0.03269194128022327	0.007633587786259542
Math/Math_32	[12]	0.07692307692307693	0.07692307692307693
Math/Math_33	[128, 165]	0.009900065377790231	0.007751937984496124
Math/Math_34	[2]	0.3333333333333333	0.3333333333333333
Math/Math_35	[1, 4]	0.45	0.5
Math/Math_36	[0, 1, 5, 12]	0.7019230769230769	1.0
Math/Math_37	[0, 2]	0.8333333333333333	1.0
Math/Math_38	[3, 6, 7, 24, 27, 43, 63, 64, 65, 73, 78]	0.18444005014128717	0.25
Math/Math_39	[11, 104, 187]	0.03944613306315434	0.08333333333333333
Math/Math_40	[17, 56, 60, 71, 73]	0.052589345169155345	0.05555555555555555
Math/Math_41	[18, 19, 34, 35, 36]	0.09691842218158007	0.05263157894736842
Math/Math_42	[12, 188, 196]	0.03424450463367553	0.07692307692307693
Math/Math_43	[53]	0.018518518518518517	0.018518518518518517
Math/Math_44	[0, 13, 16, 41, 64, 81, 225]	0.22794758375547994	1.0
Math/Math_45	[0, 1]	1.0	1.0
Math/Math_46	[1]	0.5	0.5
Math/Math_47	[2, 3, 43, 44]	0.24760101010101007	0.3333333333333333
Math/Math_48	[57, 203]	0.013522650439486139	0.017241379310344827
Math/Math_49	[2, 4, 53]	0.262962962962963	0.3333333333333333
Math/Math_50	[12, 57, 58, 59, 60, 64]	0.06719914420999971	0.07692307692307693
Math/Math_51	[147, 155, 156, 157, 159, 162]	0.02201030357986157	0.006756756756756757
Math/Math_52	[1, 2, 16]	0.44771241830065356	0.5
Math/Math_53	[0, 1]	1.0	1.0
Math/Math_54	[7]	0.125	0.125
Math/Math_55	[0, 1, 2]	1.0	1.0
Math/Math_56	[0, 9, 19, 30, 31, 32]	0.302850073313783	1.0
Math/Math_57	[5]	0.16666666666666666	0.16666666666666666
Math/Math_58	[453]	0.0022026431718061676	0.0022026431718061676
Math/Math_59	[193, 194]	0.0077055247158339946	0.005154639175257732
Math/Math_60	[11, 12, 112]	0.08790938658195295	0.08333333333333333
Math/Math_61	[4]	0.2	0.2
Math/Math_62	[6, 23, 24, 25, 54, 55, 56, 57, 146, 157, 170, 180]	0.10116400725609788	0.14285714285714285
Math/Math_63	[0, 1]	1.0	1.0
Math/Math_64	[53, 70, 73, 77, 78, 80, 92, 135, 137, 139, 143, 146, 149, 150]	0.06314407767814588	0.018518518518518517
Math/Math_65	[4, 53, 61, 62, 65, 167, 168, 195]	0.06782806295612039	0.2
Math/Math_66	[7, 8, 9, 10, 11, 22, 39, 57, 69, 79, 80, 82, 99]	0.2050213894758189	0.125
Math/Math_67	[0]	1.0	1.0
Math/Math_68	[68]	0.014492753623188406	0.014492753623188406
Math/Math_69	[0, 1, 11, 12, 118]	0.5199418228829993	1.0
Math/Math_70	[0, 1]	1.0	1.0
Math/Math_71	[9, 87, 105, 150, 170, 173, 213, 219, 222, 227, 229]	0.04021455887807889	0.1
Math/Math_72	[2, 3, 5]	0.4444444444444444	0.3333333333333333
Math/Math_73	[1, 4, 5, 7]	0.475	0.5
Math/Math_74	[611, 628, 636, 637]	0.003948201445303735	0.0016339869281045752
Math/Math_75	[0]	1.0	1.0
Math/Math_76	[9, 18, 87, 96, 149, 159, 212, 268, 309, 314, 316]	0.04631879506417576	0.1
Math/Math_77	[22, 23, 26, 32, 33]	0.10123873001110853	0.043478260869565216
Math/Math_78	[1, 4, 17, 32, 34]	0.26614718614718613	0.5
Math/Math_79	[29, 31, 33]	0.0613562091503268	0.03333333333333333
Math/Math_80	[0, 27]	0.5357142857142857	1.0
Math/Math_81	[100, 167, 173, 179]	0.015317338384084715	0.009900990099009901
Math/Math_82	[47, 153]	0.01691017316017316	0.020833333333333332
Math/Math_83	[1, 11, 84, 103]	0.18510558069381597	0.5
Math/Math_84	[22, 24]	0.06173913043478261	0.043478260869565216
Math/Math_85	[42, 46]	0.03290450272142503	0.023255813953488372
Math/Math_86	[42, 150, 154]	0.018618561925249525	0.023255813953488372
Math/Math_87	[42, 110, 132, 147]	0.022714312493994256	0.023255813953488372
Math/Math_88	[2, 45, 93, 96]	0.11249090030549543	0.3333333333333333
Math/Math_89	[0]	1.0	1.0
Math/Math_90	[0]	1.0	1.0
Math/Math_91	[0, 1, 2]	1.0	1.0
Math/Math_92	[2, 4, 5, 7, 8, 13, 14]	0.45487528344671196	0.3333333333333333
Math/Math_93	[0, 1, 5, 6]	0.7678571428571428	1.0
Math/Math_94	[0, 1]	1.0	1.0
Math/Math_95	[49]	0.02	0.02
Math/Math_96	[0, 3, 4]	0.7000000000000001	1.0
Math/Math_97	[1, 2, 3, 4, 6, 11, 15]	0.6240646258503402	0.5
Math/Math_98	[1, 3, 7, 16]	0.4025735294117647	0.5
Math/Math_99	[0, 1, 4, 10, 11]	0.676060606060606	1.0
Math/Math_100	[0, 8]	0.6111111111111112	1.0
Math/Math_101	[0, 2, 8]	0.6666666666666666	1.0
Math/Math_102	[1, 6, 7, 8, 9]	0.42103174603174603	0.5
Math/Math_103	[31, 33]	0.04503676470588235	0.03125
Math/Math_105	[4]	0.2	0.2
Math/Math_106	[0, 2, 6, 14, 16, 17, 18]	0.4796823992754996	1.0
MAP	0.2926399804977277
MRR	0.3588978866474149
TOP-n	24	37	43	45	48	50	51	55	56	59	59	62	65	65	65	65	65	66	68	68	
