Math/Math_1	[4, 6, 13, 24, 26, 55]	0.1920546737213404	0.2
Math/Math_3	[3, 4, 16]	0.2754901960784314	0.25
Math/Math_4	[108, 109]	0.013678065054211843	0.009174311926605505
Math/Math_5	[1]	0.5	0.5
Math/Math_6	[434, 482, 577, 652, 706, 776, 784, 894, 982, 986, 1222, 1234, 1373, 1428, 1442, 1464, 1467, 1468, 1556, 1594, 1598]	0.009080362252765829	0.0022988505747126436
Math/Math_7	[56, 69, 71, 89, 94, 111, 139, 141, 174, 228, 290, 319, 372, 413, 421]	0.04129192078255708	0.017543859649122806
Math/Math_8	[1, 2]	0.5833333333333333	0.5
Math/Math_9	[1, 2]	0.5833333333333333	0.5
Math/Math_10	[34, 35, 39, 44, 46]	0.07087977034785545	0.02857142857142857
Math/Math_11	[23, 63, 200]	0.029280679933665007	0.041666666666666664
Math/Math_13	[87]	0.011363636363636364	0.011363636363636364
Math/Math_14	[12, 95]	0.04887820512820513	0.07692307692307693
Math/Math_15	[9]	0.1	0.1
Math/Math_16	[0, 254]	0.503921568627451	1.0
Math/Math_17	[30]	0.03225806451612903	0.03225806451612903
Math/Math_18	[8, 11, 12, 13, 19, 24, 32, 35]	0.21482559107559107	0.1111111111111111
Math/Math_19	[28, 72, 85, 93]	0.03482923282856413	0.034482758620689655
Math/Math_20	[97]	0.01020408163265306	0.01020408163265306
Math/Math_21	[0, 25, 26, 28, 45, 46, 50, 51, 52, 53, 56, 57, 59, 60, 61, 65, 67, 82, 92]	0.22157895545272616	1.0
Math/Math_23	[121, 131, 138]	0.014976990091980067	0.00819672131147541
Math/Math_24	[125, 134, 137]	0.01483015106203512	0.007936507936507936
Math/Math_25	[0]	1.0	1.0
Math/Math_26	[4, 5, 6, 21]	0.2859307359307359	0.2
Math/Math_28	[10]	0.09090909090909091	0.09090909090909091
Math/Math_29	[46, 63, 73, 107, 108, 109]	0.038420197916790085	0.02127659574468085
Math/Math_30	[30, 38]	0.041770057899090156	0.03225806451612903
Math/Math_31	[94, 97, 99, 100, 101, 105, 107, 108, 112, 124, 125, 129]	0.05696886903457632	0.010526315789473684
Math/Math_32	[277]	0.0035971223021582736	0.0035971223021582736
Math/Math_33	[50, 68]	0.02429667519181586	0.0196078431372549
Math/Math_34	[5]	0.16666666666666666	0.16666666666666666
Math/Math_35	[4, 7]	0.225	0.2
Math/Math_36	[0, 2, 5, 11]	0.625	1.0
Math/Math_37	[15, 43]	0.05397727272727273	0.0625
Math/Math_38	[0, 3, 4, 19, 20, 24, 29, 44, 45, 46, 61]	0.34318580321862824	1.0
Math/Math_39	[9, 45, 175]	0.05350790513833992	0.1
Math/Math_40	[2, 14, 19, 40, 43]	0.1655728011825573	0.3333333333333333
Math/Math_41	[31, 32, 43, 44, 45]	0.07152448397013614	0.03125
Math/Math_42	[42, 59, 140]	0.025955247677167517	0.023255813953488372
Math/Math_43	[88]	0.011235955056179775	0.011235955056179775
Math/Math_44	[18, 118, 264, 321, 327, 369, 386]	0.020389912936324372	0.05263157894736842
Math/Math_45	[0, 2]	0.8333333333333333	1.0
Math/Math_46	[5]	0.16666666666666666	0.16666666666666666
Math/Math_47	[10, 11, 45, 119]	0.08903162055335968	0.09090909090909091
Math/Math_48	[39, 75]	0.025657894736842105	0.025
Math/Math_49	[17, 47, 50]	0.05201525054466231	0.05555555555555555
Math/Math_50	[5, 9, 10, 11, 12, 13]	0.29765234765234766	0.16666666666666666
Math/Math_51	[24, 25, 26, 27, 46, 49]	0.09954571826912251	0.04
Math/Math_52	[0, 73, 74]	0.35567567567567565	1.0
Math/Math_53	[0, 1]	1.0	1.0
Math/Math_54	[28]	0.034482758620689655	0.034482758620689655
Math/Math_55	[3, 4, 5]	0.3833333333333333	0.25
Math/Math_56	[0, 4, 5, 6, 7, 25]	0.5545329670329671	1.0
Math/Math_57	[0]	1.0	1.0
Math/Math_58	[281]	0.0035460992907801418	0.0035460992907801418
Math/Math_59	[0, 22]	0.5434782608695652	1.0
Math/Math_60	[41, 55, 56]	0.037385129490392646	0.023809523809523808
Math/Math_61	[80]	0.012345679012345678	0.012345679012345678
Math/Math_62	[9, 22, 34, 53, 107, 108, 110, 111, 144, 171, 172, 173]	0.06961137637885811	0.1
Math/Math_63	[0, 5]	0.6666666666666666	1.0
Math/Math_64	[63, 81, 82, 83, 90, 114, 122, 125, 132, 133, 135, 141, 142, 145]	0.060413243291978044	0.015625
Math/Math_65	[47, 48, 53, 66, 67, 70, 83, 189]	0.05754771980828371	0.020833333333333332
Math/Math_66	[108, 109, 110, 111, 112, 115, 120, 122, 135, 136, 144, 147, 161]	0.05271696103171719	0.009174311926605505
Math/Math_67	[1]	0.5	0.5
Math/Math_68	[111]	0.008928571428571428	0.008928571428571428
Math/Math_69	[1, 10, 42, 77, 110]	0.16958254400114867	0.5
Math/Math_70	[0, 1]	1.0	1.0
Math/Math_71	[24, 29, 70, 75, 95, 127, 128, 136, 137, 161, 199]	0.05410123753778361	0.04
Math/Math_72	[1, 10, 12]	0.3041958041958042	0.5
Math/Math_73	[0, 2, 4, 9]	0.6666666666666666	1.0
Math/Math_74	[331, 352, 369, 370]	0.00689188745987806	0.0030120481927710845
Math/Math_75	[0]	1.0	1.0
Math/Math_76	[8, 19, 22, 37, 118, 133, 140, 165, 238, 255, 257]	0.06825410923417238	0.1111111111111111
Math/Math_77	[22, 23, 24, 27, 28]	0.11241650603269795	0.043478260869565216
Math/Math_78	[2, 5, 15, 29, 31]	0.22874999999999995	0.3333333333333333
Math/Math_79	[4, 7, 9]	0.25	0.2
Math/Math_80	[0, 39]	0.525	1.0
Math/Math_81	[113, 126, 133, 148]	0.018438414651502387	0.008771929824561403
Math/Math_82	[21, 151]	0.02930622009569378	0.045454545454545456
Math/Math_83	[22, 91, 100, 114]	0.03242574257425743	0.043478260869565216
Math/Math_84	[66, 69]	0.021748400852878463	0.014925373134328358
Math/Math_85	[10, 12]	0.12237762237762238	0.09090909090909091
Math/Math_86	[30, 40, 92]	0.03776553894571204	0.03225806451612903
Math/Math_87	[94, 104, 129, 140]	0.020254913060064238	0.010526315789473684
Math/Math_88	[11, 26, 28, 86]	0.0767081736909323	0.08333333333333333
Math/Math_89	[0]	1.0	1.0
Math/Math_90	[0]	1.0	1.0
Math/Math_91	[0, 1, 2]	1.0	1.0
Math/Math_92	[2, 4, 5, 7, 8, 13, 14]	0.45487528344671196	0.3333333333333333
Math/Math_93	[0, 1, 5, 6]	0.7678571428571428	1.0
Math/Math_94	[0, 1]	1.0	1.0
Math/Math_95	[53]	0.018518518518518517	0.018518518518518517
Math/Math_96	[0, 3, 4]	0.7000000000000001	1.0
Math/Math_97	[0, 1, 4, 6, 8, 11, 25]	0.6423164137449852	1.0
Math/Math_98	[0, 4, 15, 19]	0.44687499999999997	1.0
Math/Math_99	[0, 1, 4, 10, 11]	0.676060606060606	1.0
Math/Math_100	[6, 14]	0.1380952380952381	0.14285714285714285
Math/Math_101	[0, 2, 11]	0.6388888888888888	1.0
Math/Math_102	[0, 5, 6, 7, 8]	0.5634920634920635	1.0
Math/Math_103	[28, 29]	0.05057471264367816	0.034482758620689655
Math/Math_105	[4]	0.2	0.2
Math/Math_106	[0, 2, 3, 4, 5, 20, 22]	0.6628660159716061	1.0
MAP	0.28138483711047924
MRR	0.35756540726779174
TOP-n	28	34	37	39	44	47	48	48	50	53	56	57	58	58	58	59	59	60	61	61	
