Math/Math_1	[2, 5, 8, 17, 33, 47]	0.24904684095860566	0.3333333333333333
Math/Math_3	[3, 4, 16]	0.2754901960784314	0.25
Math/Math_4	[27, 28]	0.05233990147783251	0.03571428571428571
Math/Math_5	[1]	0.5	0.5
Math/Math_6	[174, 367, 507, 646, 721, 783, 859, 924, 970, 972, 983, 1002, 1006, 1007, 1106, 1209, 1223, 1366, 1373, 1422, 1579]	0.010433098470234483	0.005714285714285714
Math/Math_7	[27, 36, 56, 59, 78, 79, 80, 149, 154, 157, 159, 165, 173, 194, 491]	0.061766729559317356	0.03571428571428571
Math/Math_8	[0, 3]	0.75	1.0
Math/Math_9	[1, 2]	0.5833333333333333	0.5
Math/Math_10	[11, 12, 17, 20, 26]	0.15590150590150592	0.08333333333333333
Math/Math_11	[30, 37, 93]	0.03893484569350624	0.03225806451612903
Math/Math_13	[59]	0.016666666666666666	0.016666666666666666
Math/Math_14	[24, 95]	0.030416666666666668	0.04
Math/Math_15	[14]	0.06666666666666667	0.06666666666666667
Math/Math_16	[2, 253]	0.1706036745406824	0.3333333333333333
Math/Math_17	[10]	0.09090909090909091	0.09090909090909091
Math/Math_18	[28, 30, 31, 32, 46, 51, 105, 119]	0.08355412568610147	0.034482758620689655
Math/Math_19	[7, 12, 47, 72]	0.09903516859852476	0.125
Math/Math_20	[533]	0.0018726591760299626	0.0018726591760299626
Math/Math_21	[1, 10, 13, 14, 15, 16, 18, 19, 20, 36, 40, 42, 44, 45, 50, 63, 64, 93, 96]	0.29626817973779845	0.5
Math/Math_23	[82, 87, 144]	0.01848837355692362	0.012048192771084338
Math/Math_24	[87, 91, 148]	0.017745664995446147	0.011363636363636364
Math/Math_25	[5]	0.16666666666666666	0.16666666666666666
Math/Math_26	[8, 10, 11, 24]	0.17573232323232324	0.1111111111111111
Math/Math_28	[8]	0.1111111111111111	0.1111111111111111
Math/Math_29	[18, 24, 85, 86, 87, 114]	0.053747401038918986	0.05263157894736842
Math/Math_30	[46, 62]	0.0265113137453563	0.02127659574468085
Math/Math_31	[108, 116, 123, 125, 127, 128, 131, 135, 143, 148, 153, 157]	0.04638565849830884	0.009174311926605505
Math/Math_32	[13]	0.07142857142857142	0.07142857142857142
Math/Math_33	[42, 53]	0.030146425495262703	0.023255813953488372
Math/Math_34	[2]	0.3333333333333333	0.3333333333333333
Math/Math_35	[2, 6]	0.30952380952380953	0.3333333333333333
Math/Math_36	[0, 1, 5, 10]	0.7159090909090909	1.0
Math/Math_37	[0, 3]	0.75	1.0
Math/Math_38	[3, 6, 7, 19, 25, 28, 33, 34, 35, 38, 44]	0.24502063746485653	0.25
Math/Math_39	[16, 28, 176]	0.04824606639850563	0.058823529411764705
Math/Math_40	[2, 36, 40, 67, 70]	0.11796083674354736	0.3333333333333333
Math/Math_41	[20, 21, 42, 43, 44]	0.08206315648176113	0.047619047619047616
Math/Math_42	[14, 99, 191]	0.03409722222222222	0.06666666666666667
Math/Math_43	[52]	0.018867924528301886	0.018867924528301886
Math/Math_44	[18, 27, 60, 68, 143, 177, 181]	0.048300445512835126	0.05263157894736842
Math/Math_45	[0, 2]	0.8333333333333333	1.0
Math/Math_46	[1]	0.5	0.5
Math/Math_47	[5, 7, 44, 45]	0.14257246376811594	0.16666666666666666
Math/Math_48	[42, 203]	0.01652986776105791	0.023255813953488372
Math/Math_49	[9, 11, 25]	0.12735042735042734	0.1
Math/Math_50	[7, 13, 14, 21, 22, 24]	0.18451110483719177	0.125
Math/Math_51	[33, 34, 47, 48, 75, 147]	0.05616954818911918	0.029411764705882353
Math/Math_52	[1, 2, 12]	0.46581196581196577	0.5
Math/Math_53	[0, 1]	1.0	1.0
Math/Math_54	[6]	0.14285714285714285	0.14285714285714285
Math/Math_55	[0, 1, 2]	1.0	1.0
Math/Math_56	[0, 1, 6, 7, 8, 9]	0.6806878306878307	1.0
Math/Math_57	[0]	1.0	1.0
Math/Math_58	[453]	0.0022026431718061676	0.0022026431718061676
Math/Math_59	[189, 193]	0.007786218122626153	0.005263157894736842
Math/Math_60	[23, 24, 45]	0.06229468599033816	0.041666666666666664
Math/Math_61	[4]	0.2	0.2
Math/Math_62	[10, 29, 30, 31, 75, 77, 78, 81, 82, 87, 92, 105]	0.09681569065969202	0.09090909090909091
Math/Math_63	[0, 1]	1.0	1.0
Math/Math_64	[54, 72, 75, 76, 77, 82, 87, 111, 118, 125, 126, 130, 136, 137]	0.06813706469700498	0.01818181818181818
Math/Math_65	[19, 49, 50, 53, 91, 95, 136, 140]	0.05594723859202831	0.05
Math/Math_66	[35, 36, 37, 38, 39, 58, 102, 128, 129, 147, 149, 151, 159]	0.07618030196526614	0.027777777777777776
Math/Math_67	[0]	1.0	1.0
Math/Math_68	[70]	0.014084507042253521	0.014084507042253521
Math/Math_69	[0, 1, 2, 5, 59]	0.75	1.0
Math/Math_70	[0, 1]	1.0	1.0
Math/Math_71	[18, 34, 79, 88, 119, 124, 179, 211, 216, 223, 225]	0.0448454308017748	0.05263157894736842
Math/Math_72	[0, 4, 6]	0.6095238095238095	1.0
Math/Math_73	[0, 3, 5, 7]	0.625	1.0
Math/Math_74	[614, 627, 636, 637]	0.003947474562648844	0.0016260162601626016
Math/Math_75	[0]	1.0	1.0
Math/Math_76	[12, 18, 22, 35, 42, 107, 144, 274, 307, 313, 314]	0.06990200662907896	0.07692307692307693
Math/Math_77	[12, 13, 24, 40, 41]	0.11127776288751898	0.07692307692307693
Math/Math_78	[1, 3, 11, 22, 23]	0.3264492753623188	0.5
Math/Math_79	[28, 30, 33]	0.062411393923531594	0.034482758620689655
Math/Math_80	[0, 26]	0.537037037037037	1.0
Math/Math_81	[110, 134, 141, 144]	0.018134197820938957	0.009009009009009009
Math/Math_82	[58, 116]	0.01702158481819499	0.01694915254237288
Math/Math_83	[4, 6, 19, 90]	0.1699175824175824	0.2
Math/Math_84	[31, 34]	0.04419642857142857	0.03125
Math/Math_85	[20, 23]	0.06547619047619047	0.047619047619047616
Math/Math_86	[42, 128, 154]	0.01937150954405268	0.023255813953488372
Math/Math_87	[67, 148, 170, 173]	0.01716526663528418	0.014705882352941176
Math/Math_88	[5, 8, 15, 17]	0.19965277777777776	0.16666666666666666
Math/Math_89	[0]	1.0	1.0
Math/Math_90	[0]	1.0	1.0
Math/Math_91	[0, 1, 2]	1.0	1.0
Math/Math_92	[2, 4, 5, 7, 8, 13, 14]	0.45487528344671196	0.3333333333333333
Math/Math_93	[0, 1, 5, 6]	0.7678571428571428	1.0
Math/Math_94	[0, 1]	1.0	1.0
Math/Math_95	[54]	0.01818181818181818	0.01818181818181818
Math/Math_96	[0, 3, 4]	0.7000000000000001	1.0
Math/Math_97	[0, 1, 2, 3, 7, 11, 15]	0.7946428571428571	1.0
Math/Math_98	[0, 4, 10, 15]	0.48068181818181815	1.0
Math/Math_99	[0, 1, 4, 10, 11]	0.676060606060606	1.0
Math/Math_100	[0, 8]	0.6111111111111112	1.0
Math/Math_101	[0, 2, 11]	0.6388888888888888	1.0
Math/Math_102	[0, 6, 7, 8, 9]	0.5210317460317461	1.0
Math/Math_103	[33, 34]	0.04327731092436975	0.029411764705882353
Math/Math_105	[4]	0.2	0.2
Math/Math_106	[1, 2, 4, 6, 8, 11, 12]	0.5617303331589045	0.5
MAP	0.31532144616455926
MRR	0.3706922885818007
TOP-n	28	35	41	43	46	49	50	52	54	55	57	58	60	61	63	63	64	64	67	68	
