Math/Math_1	[9, 12, 14, 18, 36, 41]	0.15706079127131756	0.1
Math/Math_3	[3, 4, 9]	0.31666666666666665	0.25
Math/Math_4	[27, 28]	0.05233990147783251	0.03571428571428571
Math/Math_5	[1]	0.5	0.5
Math/Math_6	[53, 140, 254, 687, 740, 784, 785, 836, 846, 861, 862, 871, 1019, 1089, 1110, 1111, 1114, 1160, 1262, 1282, 1597]	0.012374934100951756	0.018518518518518517
Math/Math_7	[1, 3, 33, 49, 76, 85, 111, 114, 116, 161, 173, 175, 185, 269, 486]	0.123839989706738	0.5
Math/Math_8	[0, 4]	0.7	1.0
Math/Math_9	[1, 2]	0.5833333333333333	0.5
Math/Math_10	[10, 11, 23, 24, 32]	0.1388181818181818	0.09090909090909091
Math/Math_11	[23, 53, 159]	0.032484567901234565	0.041666666666666664
Math/Math_13	[52]	0.018867924528301886	0.018867924528301886
Math/Math_14	[75, 95]	0.016995614035087717	0.013157894736842105
Math/Math_15	[211]	0.0047169811320754715	0.0047169811320754715
Math/Math_16	[200, 250]	0.006471625934074647	0.004975124378109453
Math/Math_17	[11]	0.08333333333333333	0.08333333333333333
Math/Math_18	[264, 266, 267, 268, 294, 297, 383, 398]	0.014086351580825643	0.0037735849056603774
Math/Math_19	[7, 9, 38, 77]	0.11330128205128205	0.125
Math/Math_20	[575]	0.001736111111111111	0.001736111111111111
Math/Math_21	[1, 10, 32, 33, 35, 36, 38, 39, 41, 44, 46, 50, 53, 54, 58, 76, 80, 104, 109]	0.20990027621132815	0.5
Math/Math_23	[40, 45, 123]	0.030687351053033673	0.024390243902439025
Math/Math_24	[46, 51, 131]	0.027488468977830683	0.02127659574468085
Math/Math_25	[8]	0.1111111111111111	0.1111111111111111
Math/Math_26	[13, 22, 23, 33]	0.10025803799780783	0.07142857142857142
Math/Math_28	[8]	0.1111111111111111	0.1111111111111111
Math/Math_29	[18, 20, 61, 62, 63, 116]	0.064859314288962	0.05263157894736842
Math/Math_30	[96, 128]	0.012906577159753855	0.010309278350515464
Math/Math_31	[110, 165, 168, 177, 181, 182, 184, 185, 201, 202, 207, 212]	0.033785564764154084	0.009009009009009009
Math/Math_32	[12]	0.07692307692307693	0.07692307692307693
Math/Math_33	[127, 153]	0.010399756493506494	0.0078125
Math/Math_34	[2]	0.3333333333333333	0.3333333333333333
Math/Math_35	[2, 5]	0.3333333333333333	0.3333333333333333
Math/Math_36	[0, 1, 5, 12]	0.7019230769230769	1.0
Math/Math_37	[0, 2]	0.8333333333333333	1.0
Math/Math_38	[3, 6, 7, 23, 26, 30, 54, 55, 56, 70, 78]	0.19674770076241235	0.25
Math/Math_39	[12, 104, 187]	0.0373093809264022	0.07692307692307693
Math/Math_40	[3, 56, 60, 71, 73]	0.09147823405804423	0.25
Math/Math_41	[19, 20, 34, 35, 36]	0.09543972543972544	0.05
Math/Math_42	[12, 188, 194]	0.034296567629900965	0.07692307692307693
Math/Math_43	[53]	0.018518518518518517	0.018518518518518517
Math/Math_44	[1, 20, 22, 25, 72, 98, 207]	0.148896012733969	0.5
Math/Math_45	[0, 1]	1.0	1.0
Math/Math_46	[1]	0.5	0.5
Math/Math_47	[2, 3, 43, 44]	0.24760101010101007	0.3333333333333333
Math/Math_48	[42, 203]	0.01652986776105791	0.023255813953488372
Math/Math_49	[2, 4, 47]	0.2652777777777778	0.3333333333333333
Math/Math_50	[12, 24, 37, 59, 60, 62]	0.0799570700606076	0.07692307692307693
Math/Math_51	[79, 80, 150, 151, 159, 163]	0.02520167717015138	0.0125
Math/Math_52	[1, 2, 16]	0.44771241830065356	0.5
Math/Math_53	[0, 1]	1.0	1.0
Math/Math_54	[6]	0.14285714285714285	0.14285714285714285
Math/Math_55	[0, 1, 2]	1.0	1.0
Math/Math_56	[0, 9, 11, 12, 13, 14]	0.41913919413919415	1.0
Math/Math_57	[2]	0.3333333333333333	0.3333333333333333
Math/Math_58	[453]	0.0022026431718061676	0.0022026431718061676
Math/Math_59	[192, 194]	0.0077188787033346615	0.0051813471502590676
Math/Math_60	[11, 12, 100]	0.08896081915883895	0.08333333333333333
Math/Math_61	[4]	0.2	0.2
Math/Math_62	[6, 23, 24, 25, 54, 55, 56, 57, 121, 157, 170, 180]	0.10220950742337792	0.14285714285714285
Math/Math_63	[0, 1]	1.0	1.0
Math/Math_64	[53, 71, 73, 77, 78, 80, 91, 134, 137, 140, 143, 146, 149, 150]	0.0631695096242341	0.018518518518518517
Math/Math_65	[4, 56, 57, 60, 67, 156, 161, 186]	0.06876527815020686	0.2
Math/Math_66	[8, 9, 10, 11, 12, 27, 48, 65, 71, 89, 90, 93, 103]	0.18383014512310744	0.1111111111111111
Math/Math_67	[0]	1.0	1.0
Math/Math_68	[69]	0.014285714285714285	0.014285714285714285
Math/Math_69	[0, 1, 9, 12, 115]	0.5301591511936339	1.0
Math/Math_70	[0, 1]	1.0	1.0
Math/Math_71	[9, 86, 110, 146, 156, 159, 209, 220, 222, 231, 232]	0.04061622475831636	0.1
Math/Math_72	[1, 3, 5]	0.5	0.5
Math/Math_73	[1, 4, 5, 7]	0.475	0.5
Math/Math_74	[612, 628, 636, 637]	0.003947535055855078	0.0016313213703099511
Math/Math_75	[0]	1.0	1.0
Math/Math_76	[9, 19, 88, 94, 126, 154, 202, 270, 312, 313, 314]	0.04667433641803713	0.1
Math/Math_77	[22, 23, 26, 32, 33]	0.10123873001110853	0.043478260869565216
Math/Math_78	[1, 4, 16, 32, 34]	0.2681079704609116	0.5
Math/Math_79	[29, 31, 33]	0.0613562091503268	0.03333333333333333
Math/Math_80	[0, 27]	0.5357142857142857	1.0
Math/Math_81	[104, 167, 173, 179]	0.01522304324028462	0.009523809523809525
Math/Math_82	[47, 153]	0.01691017316017316	0.020833333333333332
Math/Math_83	[1, 11, 47, 105]	0.1917256289308176	0.5
Math/Math_84	[22, 24]	0.06173913043478261	0.043478260869565216
Math/Math_85	[40, 42]	0.03545093590470788	0.024390243902439025
Math/Math_86	[42, 150, 154]	0.018618561925249525	0.023255813953488372
Math/Math_87	[43, 113, 138, 150]	0.022085983103627683	0.022727272727272728
Math/Math_88	[3, 35, 86, 93]	0.09564787641640174	0.25
Math/Math_89	[0]	1.0	1.0
Math/Math_90	[0]	1.0	1.0
Math/Math_91	[0, 1, 2]	1.0	1.0
Math/Math_92	[2, 4, 5, 7, 8, 13, 14]	0.45487528344671196	0.3333333333333333
Math/Math_93	[0, 1, 5, 6]	0.7678571428571428	1.0
Math/Math_94	[0, 1]	1.0	1.0
Math/Math_95	[54]	0.01818181818181818	0.01818181818181818
Math/Math_96	[0, 3, 4]	0.7000000000000001	1.0
Math/Math_97	[0, 1, 2, 4, 7, 9, 15]	0.7803571428571427	1.0
Math/Math_98	[1, 3, 7, 16]	0.4025735294117647	0.5
Math/Math_99	[0, 1, 4, 10, 11]	0.676060606060606	1.0
Math/Math_100	[0, 8]	0.6111111111111112	1.0
Math/Math_101	[0, 2, 10]	0.6464646464646464	1.0
Math/Math_102	[1, 6, 7, 8, 9]	0.42103174603174603	0.5
Math/Math_103	[31, 33]	0.04503676470588235	0.03125
Math/Math_105	[4]	0.2	0.2
Math/Math_106	[0, 2, 5, 13, 16, 17, 18]	0.49260756934352684	1.0
MAP	0.29639200570849744
MRR	0.3610479859114167
TOP-n	24	37	43	47	50	50	52	53	56	59	60	62	66	67	67	67	67	67	68	69	
