Time/Time_1	[0, 4, 6, 18]	0.5097744360902255	1.0
Time/Time_2	[7, 12, 32]	0.12325174825174827	0.125
Time/Time_3	[22, 23, 24, 25, 26, 27]	0.13335477458665865	0.043478260869565216
Time/Time_4	[0, 6, 11, 13]	0.4553571428571428	1.0
Time/Time_5	[1, 7, 12, 48]	0.26560047095761385	0.5
Time/Time_6	[0, 2, 69, 80, 117]	0.36025588138582487	1.0
Time/Time_7	[1, 18, 19, 20]	0.23643483709273183	0.5
Time/Time_8	[0, 19, 201]	0.37161716171617165	1.0
Time/Time_9	[6, 7, 14]	0.1976190476190476	0.14285714285714285
Time/Time_10	[45, 50, 82, 83]	0.03617961066039826	0.021739130434782608
Time/Time_11	[261]	0.003816793893129771	0.003816793893129771
Time/Time_12	[4, 5, 7, 8]	0.33819444444444446	0.2
Time/Time_13	[0, 1, 8, 21]	0.6287878787878788	1.0
Time/Time_14	[22, 34, 95]	0.043957039337474114	0.043478260869565216
Time/Time_15	[0, 1]	1.0	1.0
Time/Time_16	[5, 10, 44, 45]	0.1255270092226614	0.16666666666666666
Time/Time_17	[9, 11, 12, 13, 14]	0.2232967032967033	0.1
Time/Time_18	[5, 14, 15, 16, 17, 18, 19, 20, 21]	0.27293385101692635	0.16666666666666666
Time/Time_19	[270]	0.0036900369003690036	0.0036900369003690036
Time/Time_20	[9, 32, 41, 43, 459]	0.06676265763222286	0.1
Time/Time_22	[28]	0.034482758620689655	0.034482758620689655
Time/Time_23	[2]	0.3333333333333333	0.3333333333333333
Time/Time_24	[222, 356, 358, 375, 384]	0.008413680529890033	0.004484304932735426
Time/Time_25	[97, 99, 106]	0.01941382160340772	0.01020408163265306
Time/Time_26	[340, 501, 504, 506]	0.005186688868789691	0.002932551319648094
Time/Time_27	[164]	0.006060606060606061	0.006060606060606061
MAP	0.22320393902946498
MRR	0.327265022886829
TOP-n	6	8	9	9	10	12	13	14	14	16	16	16	16	16	16	16	16	16	16	16	
