Time/Time_1	[2, 12, 16, 18]	0.21854409780106374	0.3333333333333333
Time/Time_2	[4, 116, 128]	0.08011661034916849	0.2
Time/Time_3	[4, 5, 6, 7, 8, 9]	0.43624338624338627	0.2
Time/Time_4	[1, 15, 21, 25]	0.22880244755244755	0.5
Time/Time_5	[2, 5, 9, 26]	0.2787037037037037	0.3333333333333333
Time/Time_6	[0, 2, 205, 316, 357]	0.3415629100879357	1.0
Time/Time_7	[19, 101, 102, 103]	0.03429889879775659	0.05
Time/Time_8	[0, 11, 131]	0.39646464646464646	1.0
Time/Time_9	[0, 1, 8]	0.7777777777777778	1.0
Time/Time_10	[155, 160, 191, 192]	0.013795751314934972	0.00641025641025641
Time/Time_11	[403]	0.0024752475247524753	0.0024752475247524753
Time/Time_12	[46, 47, 50, 51]	0.04967246718654729	0.02127659574468085
Time/Time_13	[0, 3, 9, 56]	0.4675438596491228	1.0
Time/Time_14	[13, 29, 254]	0.04995331465919702	0.07142857142857142
Time/Time_15	[0, 1]	1.0	1.0
Time/Time_16	[15, 24, 133, 170]	0.04706996814174741	0.0625
Time/Time_17	[6, 7, 8, 9, 10]	0.3161471861471862	0.14285714285714285
Time/Time_18	[0, 2, 3, 4, 5, 6, 7, 8, 9]	0.8412257495590829	1.0
Time/Time_19	[2]	0.3333333333333333	0.3333333333333333
Time/Time_20	[3, 5, 7, 102, 648]	0.2009744890072354	0.25
Time/Time_22	[4]	0.2	0.2
Time/Time_23	[42]	0.023255813953488372	0.023255813953488372
Time/Time_24	[86, 101, 128, 138, 528]	0.018517336844556503	0.011494252873563218
Time/Time_25	[27, 30, 79]	0.045910138248847925	0.03571428571428571
Time/Time_26	[237, 241, 243, 611]	0.007824293290454419	0.004201680672268907
Time/Time_27	[345]	0.002890173410404624	0.002890173410404624
MAP	0.2466578308095684
MRR	0.33786553925343904
TOP-n	6	7	10	11	14	14	15	15	15	15	15	15	15	16	16	17	17	17	17	18	
