Time/Time_1	[2, 7, 13, 18]	0.25203634085213034	0.3333333333333333
Time/Time_2	[6, 21, 27]	0.11363636363636363	0.14285714285714285
Time/Time_3	[9, 10, 11, 12, 13, 14]	0.26610889110889113	0.1
Time/Time_4	[1, 5, 11, 19]	0.3208333333333333	0.5
Time/Time_5	[3, 6, 9, 12]	0.28585164835164834	0.25
Time/Time_6	[0, 1, 151, 189, 221]	0.4126623992413466	1.0
Time/Time_7	[2, 37, 38, 39]	0.14072199730094467	0.3333333333333333
Time/Time_8	[0, 11, 135]	0.39624183006535946	1.0
Time/Time_9	[0, 1, 8]	0.7777777777777778	1.0
Time/Time_10	[133, 140, 179, 180]	0.015103299477690891	0.007462686567164179
Time/Time_11	[316]	0.0031545741324921135	0.0031545741324921135
Time/Time_12	[8, 9, 31, 32]	0.13151830808080808	0.1111111111111111
Time/Time_13	[0, 3, 9, 13]	0.5214285714285715	1.0
Time/Time_14	[15, 33, 88]	0.051677131526768005	0.0625
Time/Time_15	[0, 1]	1.0	1.0
Time/Time_16	[21, 27, 49, 58]	0.061169931763152094	0.045454545454545456
Time/Time_17	[6, 8, 9, 10, 11]	0.2890764790764791	0.14285714285714285
Time/Time_18	[0, 2, 3, 4, 5, 6, 7, 8, 9]	0.8412257495590829	1.0
Time/Time_19	[15]	0.0625	0.0625
Time/Time_20	[11, 13, 15, 58, 643]	0.09785021230304944	0.08333333333333333
Time/Time_22	[5]	0.16666666666666666	0.16666666666666666
Time/Time_23	[40]	0.024390243902439025	0.024390243902439025
Time/Time_24	[139, 156, 208, 209, 421]	0.013026347582306867	0.007142857142857143
Time/Time_25	[33, 37, 62]	0.04322079709076613	0.029411764705882353
Time/Time_26	[289, 297, 299, 528]	0.0069302804827524956	0.0034482758620689655
Time/Time_27	[227]	0.0043859649122807015	0.0043859649122807015
MAP	0.24227673614050393
MRR	0.32359011446814595
TOP-n	6	7	9	10	10	11	13	13	14	15	15	16	16	16	16	18	18	18	18	18	
