Time/Time_1	[2, 12, 16, 18]	0.21854409780106374	0.3333333333333333
Time/Time_2	[4, 132, 145]	0.07852851306348062	0.2
Time/Time_3	[4, 5, 6, 7, 8, 9]	0.43624338624338627	0.2
Time/Time_4	[1, 15, 21, 29]	0.22367424242424241	0.5
Time/Time_5	[2, 5, 9, 41]	0.2654761904761904	0.3333333333333333
Time/Time_6	[0, 6, 268, 338, 372]	0.26441418756758533	1.0
Time/Time_7	[25, 137, 138, 139]	0.02577711361727627	0.038461538461538464
Time/Time_8	[0, 12, 127]	0.3924278846153846	1.0
Time/Time_9	[0, 2, 8]	0.6666666666666666	1.0
Time/Time_10	[177, 182, 251, 252]	0.011065494465331891	0.0056179775280898875
Time/Time_11	[439]	0.0022727272727272726	0.0022727272727272726
Time/Time_12	[47, 48, 52, 53]	0.04808187688073133	0.020833333333333332
Time/Time_13	[0, 3, 9, 67]	0.4647058823529412	1.0
Time/Time_14	[13, 28, 278]	0.05038225894733125	0.07142857142857142
Time/Time_15	[0, 1]	1.0	1.0
Time/Time_16	[15, 25, 239, 261]	0.041797563123899005	0.0625
Time/Time_17	[6, 7, 8, 9, 10]	0.3161471861471862	0.14285714285714285
Time/Time_18	[0, 2, 3, 4, 5, 6, 7, 8, 9]	0.8412257495590829	1.0
Time/Time_19	[2]	0.3333333333333333	0.3333333333333333
Time/Time_20	[2, 5, 7, 119, 648]	0.2165408320493066	0.3333333333333333
Time/Time_22	[4]	0.2	0.2
Time/Time_23	[50]	0.0196078431372549	0.0196078431372549
Time/Time_24	[85, 100, 125, 140, 583]	0.018433969829229076	0.011627906976744186
Time/Time_25	[28, 30, 81]	0.04519475116886875	0.034482758620689655
Time/Time_26	[231, 236, 238, 644]	0.007875753758953519	0.004310344827586207
Time/Time_27	[347]	0.0028735632183908046	0.0028735632183908046
MAP	0.23812657952768637
MRR	0.3403925784998231
TOP-n	6	7	11	11	14	14	15	15	15	15	15	15	15	16	16	17	17	17	17	17	
