Time/Time_1	[0, 4, 6, 189]	0.462406015037594	1.0
Time/Time_2	[6, 11, 333]	0.10616861515065108	0.14285714285714285
Time/Time_3	[220, 221, 225, 226, 227, 228]	0.015426679244720196	0.004524886877828055
Time/Time_4	[0, 6, 10, 111]	0.398538961038961	1.0
Time/Time_5	[1, 57, 61, 73]	0.1592309773622343	0.5
Time/Time_6	[0, 34, 37, 43, 75]	0.25855775803144226	1.0
Time/Time_7	[1, 18, 19, 20]	0.23643483709273183	0.5
Time/Time_8	[27, 52, 204]	0.02936142703745097	0.03571428571428571
Time/Time_9	[7, 13, 21]	0.13474025974025974	0.125
Time/Time_10	[16, 21, 52, 53]	0.07010261699495883	0.058823529411764705
Time/Time_11	[91]	0.010869565217391304	0.010869565217391304
Time/Time_12	[4, 5, 7, 8]	0.33819444444444446	0.2
Time/Time_13	[0, 51, 105, 113]	0.2754627861380593	1.0
Time/Time_14	[11, 330, 408]	0.03223686424367476	0.08333333333333333
Time/Time_15	[0, 1]	1.0	1.0
Time/Time_16	[5, 9, 334, 349]	0.09676261549395879	0.16666666666666666
Time/Time_17	[54, 55, 56, 58, 60]	0.051258301225543576	0.01818181818181818
Time/Time_18	[80, 100, 101, 102, 103, 104, 105, 106, 107]	0.04775017554610173	0.012345679012345678
Time/Time_19	[740]	0.001349527665317139	0.001349527665317139
Time/Time_20	[3, 123, 126, 128, 364]	0.06689149231542596	0.25
Time/Time_22	[190]	0.005235602094240838	0.005235602094240838
Time/Time_23	[1]	0.5	0.5
Time/Time_24	[139, 740, 745, 756, 783]	0.005104985413425353	0.007142857142857143
Time/Time_25	[192, 332, 336]	0.00669647676920013	0.0051813471502590676
Time/Time_26	[206, 830, 833, 835]	0.0039048670101506132	0.004830917874396135
Time/Time_27	[62]	0.015873015873015872	0.015873015873015872
MAP	0.16648303331465206
MRR	0.2941511605797178
TOP-n	5	8	8	9	10	11	12	13	13	13	13	14	14	14	14	14	15	15	15	15	
