Time/Time_1	[2, 13, 20, 22]	0.19824016563146998	0.3333333333333333
Time/Time_2	[4, 171, 182]	0.07600711653323167	0.2
Time/Time_3	[4, 5, 6, 7, 8, 9]	0.43624338624338627	0.2
Time/Time_4	[1, 20, 101, 152]	0.1626984126984127	0.5
Time/Time_5	[2, 7, 9, 71]	0.23472222222222222	0.3333333333333333
Time/Time_6	[0, 25, 331, 351, 384]	0.22206197417040788	1.0
Time/Time_7	[113, 173, 174, 175]	0.015034078142063622	0.008771929824561403
Time/Time_8	[0, 13, 118]	0.3893557422969187	1.0
Time/Time_9	[0, 2, 8]	0.6666666666666666	1.0
Time/Time_10	[251, 257, 288, 289]	0.008973479559599049	0.003968253968253968
Time/Time_11	[440]	0.0022675736961451248	0.0022675736961451248
Time/Time_12	[52, 53, 172, 173]	0.024058626943723273	0.018867924528301886
Time/Time_13	[0, 3, 9, 118]	0.45840336134453785	1.0
Time/Time_14	[13, 27, 354]	0.05043594902749832	0.07142857142857142
Time/Time_15	[0, 1]	1.0	1.0
Time/Time_16	[13, 26, 330, 367]	0.04135891370719953	0.07142857142857142
Time/Time_17	[6, 7, 8, 9, 10]	0.3161471861471862	0.14285714285714285
Time/Time_18	[0, 2, 3, 4, 5, 6, 7, 8, 9]	0.8412257495590829	1.0
Time/Time_19	[0]	1.0	1.0
Time/Time_20	[2, 4, 6, 137, 648]	0.23971888587953435	0.3333333333333333
Time/Time_22	[4]	0.2	0.2
Time/Time_23	[51]	0.019230769230769232	0.019230769230769232
Time/Time_24	[81, 96, 120, 153, 644]	0.01826660620810492	0.012195121951219513
Time/Time_25	[29, 31, 85]	0.04357235142118863	0.03333333333333333
Time/Time_26	[228, 232, 234, 740]	0.007778642830568941	0.004366812227074236
Time/Time_27	[347]	0.0028735632183908046	0.0028735632183908046
MAP	0.2567439008991657
MRR	0.36506113721893596
TOP-n	7	8	11	11	14	14	15	15	15	15	15	15	15	17	17	17	17	17	17	17	
