Time/Time_1	[2, 5, 9, 11]	0.32499999999999996	0.3333333333333333
Time/Time_2	[9, 19, 25]	0.10512820512820513	0.1
Time/Time_3	[9, 10, 11, 12, 13, 14]	0.26610889110889113	0.1
Time/Time_4	[1, 3, 11, 15]	0.375	0.5
Time/Time_5	[3, 4, 7, 15]	0.31875	0.25
Time/Time_6	[0, 1, 99, 168, 202]	0.4156598361850351	1.0
Time/Time_7	[1, 26, 27, 28]	0.20478699142492246	0.5
Time/Time_8	[0, 12, 150]	0.391237901171676	1.0
Time/Time_9	[0, 1, 8]	0.7777777777777778	1.0
Time/Time_10	[107, 114, 146, 147]	0.018521438474854622	0.009259259259259259
Time/Time_11	[312]	0.003194888178913738	0.003194888178913738
Time/Time_12	[5, 6, 19, 20]	0.1982142857142857	0.16666666666666666
Time/Time_13	[0, 3, 9, 11]	0.5333333333333333	1.0
Time/Time_14	[17, 40, 69]	0.04906439540585882	0.05555555555555555
Time/Time_15	[0, 1]	1.0	1.0
Time/Time_16	[23, 28, 31, 39]	0.07609554597701149	0.041666666666666664
Time/Time_17	[7, 8, 9, 10, 11]	0.28550505050505054	0.125
Time/Time_18	[0, 2, 3, 4, 5, 6, 7, 8, 9]	0.8412257495590829	1.0
Time/Time_19	[43]	0.022727272727272728	0.022727272727272728
Time/Time_20	[13, 17, 19, 37, 622]	0.08916570452348098	0.07142857142857142
Time/Time_22	[5]	0.16666666666666666	0.16666666666666666
Time/Time_23	[17]	0.05555555555555555	0.05555555555555555
Time/Time_24	[176, 188, 222, 229, 395]	0.011940441973685972	0.005649717514124294
Time/Time_25	[39, 42, 59]	0.04050387596899225	0.025
Time/Time_26	[387, 396, 398, 503]	0.005767601972983216	0.002577319587628866
Time/Time_27	[220]	0.004524886877828055	0.004524886877828055
MAP	0.25313293446966784
MRR	0.3284156292314633
TOP-n	6	8	9	10	10	12	12	13	13	15	15	15	15	16	16	16	16	18	18	18	
