Time/Time_1	[2, 12, 16, 18]	0.21854409780106374	0.3333333333333333
Time/Time_2	[4, 22, 28]	0.13013493253373312	0.2
Time/Time_3	[9, 10, 11, 12, 13, 14]	0.26610889110889113	0.1
Time/Time_4	[1, 5, 18, 23]	0.2894736842105263	0.5
Time/Time_5	[2, 6, 10, 13]	0.2943722943722944	0.3333333333333333
Time/Time_6	[0, 1, 167, 208, 242]	0.41151440610504936	1.0
Time/Time_7	[4, 41, 42, 43]	0.10207389509715092	0.2
Time/Time_8	[0, 11, 132]	0.3964076858813701	1.0
Time/Time_9	[0, 1, 8]	0.7777777777777778	1.0
Time/Time_10	[149, 155, 187, 188]	0.014152161864927822	0.006666666666666667
Time/Time_11	[319]	0.003125	0.003125
Time/Time_12	[26, 27, 46, 47]	0.06390718225824608	0.037037037037037035
Time/Time_13	[0, 3, 9, 30]	0.48225806451612907	1.0
Time/Time_14	[14, 31, 105]	0.05248951781970649	0.06666666666666667
Time/Time_15	[0, 1]	1.0	1.0
Time/Time_16	[17, 25, 73, 82]	0.05530298602587759	0.05555555555555555
Time/Time_17	[6, 7, 8, 9, 10]	0.3161471861471862	0.14285714285714285
Time/Time_18	[0, 2, 3, 4, 5, 6, 7, 8, 9]	0.8412257495590829	1.0
Time/Time_19	[6]	0.14285714285714285	0.14285714285714285
Time/Time_20	[6, 10, 12, 78, 648]	0.12275632541669874	0.14285714285714285
Time/Time_22	[5]	0.16666666666666666	0.16666666666666666
Time/Time_23	[40]	0.024390243902439025	0.024390243902439025
Time/Time_24	[111, 128, 172, 185, 470]	0.014778915091346273	0.008928571428571428
Time/Time_25	[30, 34, 62]	0.04567332309267793	0.03225806451612903
Time/Time_26	[250, 256, 260, 553]	0.007620158598099128	0.00398406374501992
Time/Time_27	[247]	0.004032258064516129	0.004032258064516129
MAP	0.24014579026033084
MRR	0.32709803421105244
TOP-n	6	7	9	9	11	12	15	15	15	16	16	16	16	16	17	17	17	18	18	18	
