Time/Time_1	[2, 12, 16, 18]	0.21854409780106374	0.3333333333333333
Time/Time_2	[4, 36, 59]	0.10135135135135136	0.2
Time/Time_3	[8, 9, 10, 11, 12, 13]	0.28839308839308836	0.1111111111111111
Time/Time_4	[1, 10, 21, 25]	0.24300699300699302	0.5
Time/Time_5	[2, 5, 10, 22]	0.27832674571805005	0.3333333333333333
Time/Time_6	[0, 1, 191, 218, 251]	0.4107462220047836	1.0
Time/Time_7	[9, 57, 58, 59]	0.06299922072861874	0.1
Time/Time_8	[0, 11, 132]	0.3964076858813701	1.0
Time/Time_9	[0, 1, 8]	0.7777777777777778	1.0
Time/Time_10	[151, 156, 189, 190]	0.01401242073319491	0.006578947368421052
Time/Time_11	[344]	0.002898550724637681	0.002898550724637681
Time/Time_12	[35, 36, 50, 51]	0.054394609541668366	0.027777777777777776
Time/Time_13	[0, 3, 9, 42]	0.47325581395348837	1.0
Time/Time_14	[14, 29, 123]	0.052508960573476704	0.06666666666666667
Time/Time_15	[0, 1]	1.0	1.0
Time/Time_16	[15, 24, 102, 115]	0.05152724305323067	0.0625
Time/Time_17	[6, 7, 8, 9, 10]	0.3161471861471862	0.14285714285714285
Time/Time_18	[0, 2, 3, 4, 5, 6, 7, 8, 9]	0.8412257495590829	1.0
Time/Time_19	[3]	0.25	0.25
Time/Time_20	[3, 6, 8, 82, 648]	0.1849889100756979	0.25
Time/Time_22	[4]	0.2	0.2
Time/Time_23	[41]	0.023809523809523808	0.023809523809523808
Time/Time_24	[89, 103, 137, 145, 507]	0.017864158147134983	0.011111111111111112
Time/Time_25	[28, 30, 65]	0.04815114436916439	0.034482758620689655
Time/Time_26	[241, 245, 247, 585]	0.0077962563664682434	0.004132231404958678
Time/Time_27	[295]	0.0033783783783783786	0.0033783783783783786
MAP	0.24305815723443963
MRR	0.3332296487114264
TOP-n	6	7	9	11	13	13	14	14	15	16	16	16	16	16	17	18	18	18	18	18	
