Time/Time_1	[0, 4, 6, 24]	0.4971428571428571	1.0
Time/Time_2	[6, 11, 64]	0.11855921855921857	0.14285714285714285
Time/Time_3	[75, 76, 77, 78, 79, 80]	0.044133407439814275	0.013157894736842105
Time/Time_4	[0, 6, 10, 17]	0.4451659451659451	1.0
Time/Time_5	[1, 42, 46, 56]	0.17012921343437762	0.5
Time/Time_6	[0, 3, 49, 74, 107]	0.3319259259259259	1.0
Time/Time_7	[1, 18, 19, 20]	0.23643483709273183	0.5
Time/Time_8	[1, 38, 201]	0.18871117881018873	0.5
Time/Time_9	[6, 7, 14]	0.1976190476190476	0.14285714285714285
Time/Time_10	[34, 39, 71, 72]	0.04375815394651011	0.02857142857142857
Time/Time_11	[122]	0.008130081300813009	0.008130081300813009
Time/Time_12	[4, 5, 7, 8]	0.33819444444444446	0.2
Time/Time_13	[0, 5, 27, 56]	0.3776629072681704	1.0
Time/Time_14	[15, 83, 173]	0.03451696770662288	0.0625
Time/Time_15	[0, 1]	1.0	1.0
Time/Time_16	[5, 9, 92, 99]	0.10973118279569892	0.16666666666666666
Time/Time_17	[13, 14, 15, 20, 21]	0.16200216450216448	0.07142857142857142
Time/Time_18	[12, 14, 15, 16, 17, 18, 19, 20, 21]	0.2629623410454164	0.07692307692307693
Time/Time_19	[342]	0.0029154518950437317	0.0029154518950437317
Time/Time_20	[5, 48, 53, 55, 428]	0.06922442636728351	0.16666666666666666
Time/Time_22	[36]	0.02702702702702703	0.02702702702702703
Time/Time_23	[2]	0.3333333333333333	0.3333333333333333
Time/Time_24	[162, 408, 409, 428, 444]	0.007780396485239286	0.006134969325153374
Time/Time_25	[160, 161, 162]	0.012320589037343135	0.006211180124223602
Time/Time_26	[226, 520, 524, 526]	0.005387119119578185	0.004405286343612335
Time/Time_27	[140]	0.0070921985815602835	0.0070921985815602835
MAP	0.19353309292485987
MRR	0.30641838917839637
TOP-n	5	8	9	9	10	12	14	14	14	14	14	14	15	16	16	17	17	17	17	17	
