Time/Time_1	[0, 4, 6, 31]	0.48839285714285713	1.0
Time/Time_2	[6, 11, 298]	0.10651908477995435	0.14285714285714285
Time/Time_3	[190, 191, 192, 193, 194, 195]	0.018011356241950077	0.005235602094240838
Time/Time_4	[0, 6, 10, 30]	0.42186845412651863	1.0
Time/Time_5	[1, 55, 59, 66]	0.16135394456289978	0.5
Time/Time_6	[0, 23, 37, 48, 81]	0.26097779291434164	1.0
Time/Time_7	[1, 18, 19, 20]	0.23643483709273183	0.5
Time/Time_8	[10, 51, 204]	0.04800159190403094	0.09090909090909091
Time/Time_9	[6, 7, 14]	0.1976190476190476	0.14285714285714285
Time/Time_10	[29, 34, 65, 66]	0.04890805711701234	0.03333333333333333
Time/Time_11	[97]	0.01020408163265306	0.01020408163265306
Time/Time_12	[4, 5, 7, 8]	0.33819444444444446	0.2
Time/Time_13	[0, 47, 54, 102]	0.28376176816710796	1.0
Time/Time_14	[11, 269, 353]	0.03307177233730906	0.08333333333333333
Time/Time_15	[0, 1]	1.0	1.0
Time/Time_16	[5, 9, 289, 302]	0.0975532035962217	0.16666666666666666
Time/Time_17	[35, 38, 40, 45, 50]	0.06744525963851021	0.027777777777777776
Time/Time_18	[15, 79, 80, 81, 82, 83, 84, 85, 86]	0.06486794810871126	0.0625
Time/Time_19	[596]	0.0016750418760469012	0.0016750418760469012
Time/Time_20	[3, 101, 107, 109, 400]	0.06924361704176872	0.25
Time/Time_22	[43]	0.022727272727272728	0.022727272727272728
Time/Time_23	[2]	0.3333333333333333	0.3333333333333333
Time/Time_24	[139, 703, 707, 725, 760]	0.00526019969530809	0.007142857142857143
Time/Time_25	[177, 187, 189]	0.010681916361546947	0.0056179775280898875
Time/Time_26	[206, 814, 816, 818]	0.003960220278174343	0.004830917874396135
Time/Time_27	[66]	0.014925373134328358	0.014925373134328358
MAP	0.16711509522592616
MRR	0.29253565173375795
TOP-n	5	7	8	9	10	11	13	13	13	13	14	15	15	15	15	16	16	16	16	16	
