Time/Time_1	[0, 4, 6, 26]	0.49417989417989416	1.0
Time/Time_2	[6, 11, 207]	0.10798229548229549	0.14285714285714285
Time/Time_3	[146, 148, 149, 150, 151, 152]	0.02313767153702705	0.006802721088435374
Time/Time_4	[0, 6, 10, 26]	0.4266474266474266	1.0
Time/Time_5	[1, 45, 50, 60]	0.1669688901932833	0.5
Time/Time_6	[0, 5, 43, 64, 98]	0.3027117327117327	1.0
Time/Time_7	[1, 18, 19, 20]	0.23643483709273183	0.5
Time/Time_8	[3, 38, 201]	0.10537784547685537	0.25
Time/Time_9	[6, 7, 14]	0.1976190476190476	0.14285714285714285
Time/Time_10	[29, 34, 65, 66]	0.04890805711701234	0.03333333333333333
Time/Time_11	[106]	0.009345794392523364	0.009345794392523364
Time/Time_12	[4, 5, 7, 8]	0.33819444444444446	0.2
Time/Time_13	[0, 12, 50, 56]	0.3207112804636024	1.0
Time/Time_14	[14, 113, 282]	0.03160374434319013	0.06666666666666667
Time/Time_15	[0, 1]	1.0	1.0
Time/Time_16	[5, 9, 131, 174]	0.10306277056277056	0.16666666666666666
Time/Time_17	[20, 21, 22, 25, 26]	0.12159885203363463	0.047619047619047616
Time/Time_18	[12, 16, 17, 18, 19, 20, 21, 22, 23]	0.23872058989504139	0.07692307692307693
Time/Time_19	[374]	0.0026666666666666666	0.0026666666666666666
Time/Time_20	[4, 60, 64, 66, 416]	0.07012652632218444	0.2
Time/Time_22	[38]	0.02564102564102564	0.02564102564102564
Time/Time_23	[2]	0.3333333333333333	0.3333333333333333
Time/Time_24	[144, 422, 423, 440, 462]	0.007713917332730592	0.006896551724137931
Time/Time_25	[158, 163, 164]	0.012222082769712775	0.006289308176100629
Time/Time_26	[211, 533, 536, 538]	0.00536751048529987	0.0047169811320754715
Time/Time_27	[84]	0.011764705882352941	0.011764705882352941
MAP	0.182386190100993
MRR	0.29747616019075873
TOP-n	5	7	8	9	11	12	14	14	14	14	14	14	15	15	16	16	16	16	16	16	
