Time/Time_1	[0, 4, 6, 23]	0.4988095238095238	1.0
Time/Time_2	[6, 11, 40]	0.12756484707704221	0.14285714285714285
Time/Time_3	[31, 32, 33, 34, 35, 36]	0.09923802001007882	0.03125
Time/Time_4	[0, 6, 10, 13]	0.461038961038961	1.0
Time/Time_5	[1, 23, 43, 51]	0.18210955710955712	0.5
Time/Time_6	[0, 2, 65, 75, 107]	0.3622098174729753	1.0
Time/Time_7	[1, 18, 19, 20]	0.23643483709273183	0.5
Time/Time_8	[0, 30, 201]	0.35978920472692427	1.0
Time/Time_9	[6, 7, 14]	0.1976190476190476	0.14285714285714285
Time/Time_10	[36, 41, 73, 74]	0.04212998712998713	0.02702702702702703
Time/Time_11	[246]	0.004048582995951417	0.004048582995951417
Time/Time_12	[4, 5, 7, 8]	0.33819444444444446	0.2
Time/Time_13	[0, 1, 15, 33]	0.5762867647058824	1.0
Time/Time_14	[16, 50, 130]	0.040313326348351046	0.058823529411764705
Time/Time_15	[0, 1]	1.0	1.0
Time/Time_16	[5, 9, 74, 81]	0.11386178861788618	0.16666666666666666
Time/Time_17	[10, 11, 12, 15, 17]	0.20322455322455327	0.09090909090909091
Time/Time_18	[12, 14, 15, 16, 17, 18, 19, 20, 21]	0.2629623410454164	0.07692307692307693
Time/Time_19	[279]	0.0035714285714285713	0.0035714285714285713
Time/Time_20	[7, 43, 50, 52, 439]	0.06322268186863081	0.125
Time/Time_22	[31]	0.03125	0.03125
Time/Time_23	[2]	0.3333333333333333	0.3333333333333333
Time/Time_24	[191, 372, 375, 394, 414]	0.008144752416412031	0.005208333333333333
Time/Time_25	[140, 147, 154]	0.01332018360158374	0.0070921985815602835
Time/Time_26	[263, 508, 511, 513]	0.005339657009918334	0.003787878787878788
Time/Time_27	[147]	0.006756756756756757	0.006756756756756757
MAP	0.2142605537702838
MRR	0.3252831611158521
TOP-n	6	8	9	9	10	11	13	14	14	14	15	15	16	16	16	16	17	17	17	17	
