Time/Time_1	[0, 4, 6, 38]	0.4827838827838828	1.0
Time/Time_2	[6, 11, 320]	0.10628986797211097	0.14285714285714285
Time/Time_3	[195, 196, 197, 198, 199, 200]	0.017559514835503432	0.00510204081632653
Time/Time_4	[0, 6, 10, 34]	0.41818181818181815	1.0
Time/Time_5	[1, 57, 60, 67]	0.16062165397532668	0.5
Time/Time_6	[0, 32, 37, 44, 76]	0.2586754765702134	1.0
Time/Time_7	[1, 18, 19, 20]	0.23643483709273183	0.5
Time/Time_8	[19, 54, 204]	0.033665927568366595	0.05
Time/Time_9	[6, 7, 15]	0.19345238095238093	0.14285714285714285
Time/Time_10	[18, 23, 55, 56]	0.06492794486215539	0.05263157894736842
Time/Time_11	[94]	0.010526315789473684	0.010526315789473684
Time/Time_12	[4, 5, 7, 8]	0.33819444444444446	0.2
Time/Time_13	[0, 47, 80, 111]	0.2786044973544974	1.0
Time/Time_14	[11, 315, 366]	0.03261227805945496	0.08333333333333333
Time/Time_15	[0, 1]	1.0	1.0
Time/Time_16	[5, 9, 306, 336]	0.0970770224597828	0.16666666666666666
Time/Time_17	[44, 47, 48, 51, 57]	0.057648670431921664	0.022222222222222223
Time/Time_18	[74, 87, 88, 89, 90, 91, 92, 93, 94]	0.05438748935680892	0.013333333333333334
Time/Time_19	[733]	0.0013623978201634877	0.0013623978201634877
Time/Time_20	[3, 111, 113, 115, 389]	0.06829524075440592	0.25
Time/Time_22	[49]	0.02	0.02
Time/Time_23	[1]	0.5	0.5
Time/Time_24	[139, 725, 731, 745, 773]	0.005163583470110714	0.007142857142857143
Time/Time_25	[170, 188, 190]	0.010712256693702455	0.005847953216374269
Time/Time_26	[206, 823, 826, 828]	0.003927690584819459	0.004830917874396135
Time/Time_27	[62]	0.015873015873015872	0.015873015873015872
MAP	0.17180685414950356
MRR	0.2959456507211468
TOP-n	5	8	8	9	10	11	13	13	13	13	13	14	14	14	14	14	14	14	15	16	
