Time/Time_1	[2, 12, 16, 18]	0.21854409780106374	0.3333333333333333
Time/Time_2	[4, 153, 166]	0.07698369494776681	0.2
Time/Time_3	[4, 5, 6, 7, 8, 9]	0.43624338624338627	0.2
Time/Time_4	[1, 15, 26, 31]	0.2152777777777778	0.5
Time/Time_5	[2, 6, 9, 66]	0.24468727789623312	0.3333333333333333
Time/Time_6	[0, 12, 322, 348, 381]	0.23753688056598526	1.0
Time/Time_7	[44, 151, 152, 153]	0.020240496517586304	0.022222222222222223
Time/Time_8	[0, 13, 118]	0.3893557422969187	1.0
Time/Time_9	[0, 2, 8]	0.6666666666666666	1.0
Time/Time_10	[230, 235, 266, 267]	0.009741227197674725	0.004329004329004329
Time/Time_11	[439]	0.0022727272727272726	0.0022727272727272726
Time/Time_12	[47, 48, 119, 120]	0.02992687777590375	0.020833333333333332
Time/Time_13	[0, 3, 9, 90]	0.460989010989011	1.0
Time/Time_14	[13, 28, 323]	0.04988444930973666	0.07142857142857142
Time/Time_15	[0, 1]	1.0	1.0
Time/Time_16	[13, 26, 273, 284]	0.0426216595828582	0.07142857142857142
Time/Time_17	[6, 7, 8, 9, 10]	0.3161471861471862	0.14285714285714285
Time/Time_18	[0, 2, 3, 4, 5, 6, 7, 8, 9]	0.8412257495590829	1.0
Time/Time_19	[1]	0.5	0.5
Time/Time_20	[2, 5, 7, 125, 648]	0.21622337173184625	0.3333333333333333
Time/Time_22	[4]	0.2	0.2
Time/Time_23	[51]	0.019230769230769232	0.019230769230769232
Time/Time_24	[80, 95, 124, 141, 644]	0.018619992882936434	0.012345679012345678
Time/Time_25	[29, 30, 81]	0.044811609406416646	0.03333333333333333
Time/Time_26	[229, 233, 235, 727]	0.007775301133812557	0.004347826086956522
Time/Time_27	[347]	0.0028735632183908046	0.0028735632183908046
MAP	0.24107228908275918
MRR	0.34644241322128333
TOP-n	6	8	11	11	14	14	15	15	15	15	15	15	15	17	17	17	17	17	17	17	
