Time/Time_1	[3, 118, 128, 130]	0.08014922194690054	0.25
Time/Time_2	[4, 241, 263]	0.07320936639118457	0.2
Time/Time_3	[3, 4, 5, 6, 7, 8]	0.5021825396825397	0.25
Time/Time_4	[1, 168, 283, 297]	0.1339551296500659	0.5
Time/Time_5	[3, 7, 10, 83]	0.2050865800865801	0.25
Time/Time_6	[0, 30, 347, 360, 393]	0.21938150128547038	1.0
Time/Time_7	[136, 208, 209, 210]	0.012527927080175397	0.0072992700729927005
Time/Time_8	[0, 14, 98]	0.3878787878787879	1.0
Time/Time_9	[0, 2, 8]	0.6666666666666666	1.0
Time/Time_10	[333, 339, 377, 378]	0.006841740640873711	0.0029940119760479044
Time/Time_11	[443]	0.0022522522522522522	0.0022522522522522522
Time/Time_12	[195, 196, 258, 259]	0.010555488011978222	0.00510204081632653
Time/Time_13	[0, 3, 9, 134]	0.45740740740740743	1.0
Time/Time_14	[13, 26, 407]	0.050951862226372026	0.07142857142857142
Time/Time_15	[0, 1]	1.0	1.0
Time/Time_16	[13, 27, 423, 490]	0.03951981351661442	0.07142857142857142
Time/Time_17	[6, 7, 8, 9, 10]	0.3161471861471862	0.14285714285714285
Time/Time_18	[0, 2, 3, 4, 5, 6, 7, 8, 9]	0.8412257495590829	1.0
Time/Time_19	[0]	1.0	1.0
Time/Time_20	[2, 3, 5, 239, 648]	0.27154083204930657	0.3333333333333333
Time/Time_22	[4]	0.2	0.2
Time/Time_23	[51]	0.019230769230769232	0.019230769230769232
Time/Time_24	[80, 111, 123, 161, 644]	0.01736793325315456	0.012345679012345678
Time/Time_25	[34, 36, 110]	0.03655083655083655	0.02857142857142857
Time/Time_26	[221, 226, 228, 753]	0.007930138415187573	0.0045045045045045045
Time/Time_27	[348]	0.0028653295128939827	0.0028653295128939827
MAP	0.2523625022862418
MRR	0.3597774194229685
TOP-n	7	8	9	12	14	14	15	15	15	15	15	15	15	17	17	17	17	17	17	17	
