Time/Time_1	[0, 4, 6, 27]	0.4928571428571428	1.0
Time/Time_2	[6, 11, 246]	0.1072231861705546	0.14285714285714285
Time/Time_3	[188, 189, 190, 191, 192, 193]	0.018198671916562756	0.005291005291005291
Time/Time_4	[0, 6, 10, 28]	0.42409314823107924	1.0
Time/Time_5	[1, 50, 54, 65]	0.16359180035650622	0.5
Time/Time_6	[0, 9, 40, 52, 86]	0.28122273883766813	1.0
Time/Time_7	[1, 18, 19, 20]	0.23643483709273183	0.5
Time/Time_8	[3, 47, 204]	0.10210027100271003	0.25
Time/Time_9	[6, 7, 14]	0.1976190476190476	0.14285714285714285
Time/Time_10	[29, 34, 65, 66]	0.04890805711701234	0.03333333333333333
Time/Time_11	[102]	0.009708737864077669	0.009708737864077669
Time/Time_12	[4, 5, 7, 8]	0.33819444444444446	0.2
Time/Time_13	[0, 23, 50, 60]	0.30193265830922533	1.0
Time/Time_14	[13, 227, 331]	0.029745548610482026	0.07142857142857142
Time/Time_15	[0, 1]	1.0	1.0
Time/Time_16	[5, 9, 234, 279]	0.09842958459979738	0.16666666666666666
Time/Time_17	[22, 27, 28, 37, 46]	0.08600024895566934	0.043478260869565216
Time/Time_18	[13, 55, 56, 57, 58, 59, 60, 61, 62]	0.08890324614730932	0.07142857142857142
Time/Time_19	[406]	0.002457002457002457	0.002457002457002457
Time/Time_20	[3, 85, 92, 94, 409]	0.07196285271574634	0.25
Time/Time_22	[40]	0.024390243902439025	0.024390243902439025
Time/Time_23	[2]	0.3333333333333333	0.3333333333333333
Time/Time_24	[140, 438, 444, 495, 621]	0.0068985363218680125	0.0070921985815602835
Time/Time_25	[166, 175, 181]	0.01127839226641622	0.005988023952095809
Time/Time_26	[207, 680, 683, 685]	0.004490354643117174	0.004807692307692308
Time/Time_27	[74]	0.013333333333333334	0.013333333333333334
MAP	0.17281951611943375
MRR	0.2991712023255205
TOP-n	5	7	8	10	11	12	14	14	14	14	14	14	14	16	16	16	16	16	16	16	
