Time/Time_1	[3, 25, 84, 87]	0.1019179350061703	0.25
Time/Time_2	[4, 186, 194]	0.0753599341834636	0.2
Time/Time_3	[3, 4, 5, 6, 7, 8]	0.5021825396825397	0.25
Time/Time_4	[1, 43, 191, 215]	0.14489951599326598	0.5
Time/Time_5	[3, 7, 9, 82]	0.21204819277108436	0.25
Time/Time_6	[0, 29, 343, 357, 390]	0.21986970100838663	1.0
Time/Time_7	[121, 183, 184, 185]	0.014196969772292239	0.00819672131147541
Time/Time_8	[0, 14, 108]	0.3869520897043833	1.0
Time/Time_9	[0, 2, 8]	0.6666666666666666	1.0
Time/Time_10	[255, 260, 293, 294]	0.008833122228898378	0.00390625
Time/Time_11	[442]	0.002257336343115124	0.002257336343115124
Time/Time_12	[139, 140, 219, 220]	0.013265791363413392	0.007142857142857143
Time/Time_13	[0, 3, 9, 129]	0.45769230769230773	1.0
Time/Time_14	[13, 27, 366]	0.0503438432593746	0.07142857142857142
Time/Time_15	[0, 1]	1.0	1.0
Time/Time_16	[13, 26, 386, 397]	0.04082620868585575	0.07142857142857142
Time/Time_17	[6, 7, 8, 9, 10]	0.3161471861471862	0.14285714285714285
Time/Time_18	[0, 2, 3, 4, 5, 6, 7, 8, 9]	0.8412257495590829	1.0
Time/Time_19	[0]	1.0	1.0
Time/Time_20	[2, 3, 5, 149, 648]	0.27354083204930657	0.3333333333333333
Time/Time_22	[4]	0.2	0.2
Time/Time_23	[51]	0.019230769230769232	0.019230769230769232
Time/Time_24	[81, 101, 121, 157, 644]	0.01789230454071986	0.012195121951219513
Time/Time_25	[30, 35, 98]	0.03937221679157163	0.03225806451612903
Time/Time_26	[226, 229, 232, 751]	0.007823905983595572	0.004405286343612335
Time/Time_27	[347]	0.0028735632183908046	0.0028735632183908046
MAP	0.2544391800723785
MRR	0.36005821496558416
TOP-n	7	8	9	12	14	14	15	15	15	15	15	15	15	17	17	17	17	17	17	17	
