Time/Time_1	[0, 4, 6, 16]	0.5159663865546218	1.0
Time/Time_2	[7, 13, 21]	0.13474025974025974	0.125
Time/Time_3	[14, 15, 16, 17, 18, 19]	0.19225289531017087	0.06666666666666667
Time/Time_4	[0, 5, 8, 12]	0.49358974358974356	1.0
Time/Time_5	[1, 8, 11, 28]	0.2775383141762452	0.5
Time/Time_6	[0, 1, 71, 95, 127]	0.42447916666666663	1.0
Time/Time_7	[1, 19, 20, 21]	0.2311688311688312	0.5
Time/Time_8	[0, 14, 201]	0.3827282728272827	1.0
Time/Time_9	[5, 7, 14]	0.20555555555555557	0.16666666666666666
Time/Time_10	[51, 56, 88, 89]	0.03311769953549965	0.019230769230769232
Time/Time_11	[286]	0.003484320557491289	0.003484320557491289
Time/Time_12	[4, 5, 8, 9]	0.31666666666666665	0.2
Time/Time_13	[0, 2, 4, 14]	0.6333333333333333	1.0
Time/Time_14	[22, 26, 68]	0.053676865271068165	0.043478260869565216
Time/Time_15	[0, 1]	1.0	1.0
Time/Time_16	[7, 14, 39, 43]	0.10606060606060605	0.125
Time/Time_17	[8, 9, 10, 11, 12]	0.2603574203574203	0.1111111111111111
Time/Time_18	[0, 13, 14, 15, 16, 17, 18, 19, 20]	0.37970006716136745	1.0
Time/Time_19	[218]	0.0045662100456621	0.0045662100456621
Time/Time_20	[11, 25, 27, 29, 511]	0.08209964514652016	0.08333333333333333
Time/Time_22	[21]	0.045454545454545456	0.045454545454545456
Time/Time_23	[2]	0.3333333333333333	0.3333333333333333
Time/Time_24	[250, 311, 318, 346, 367]	0.008982608582672568	0.00398406374501992
Time/Time_25	[75, 76, 92]	0.02379666174233237	0.013157894736842105
Time/Time_26	[412, 496, 499, 501]	0.005103394966327101	0.002421307506053269
Time/Time_27	[188]	0.005291005291005291	0.005291005291005291
MAP	0.2366555311190473
MRR	0.3596992110980025
TOP-n	7	9	10	10	11	12	12	14	15	15	15	16	16	16	17	17	17	17	17	17	
