Chart/Chart_1	[16]	0.058823529411764705	0.058823529411764705
Chart/Chart_2	[75, 76, 77, 78, 79, 81, 82, 83, 84, 85, 92, 93, 95, 96]	0.08509426268220528	0.013157894736842105
Chart/Chart_3	[3]	0.25	0.25
Chart/Chart_4	[432]	0.0023094688221709007	0.0023094688221709007
Chart/Chart_5	[1, 3, 4, 5]	0.5666666666666667	0.5
Chart/Chart_6	[52]	0.018867924528301886	0.018867924528301886
Chart/Chart_7	[21, 34, 35, 36, 37, 38, 39]	0.10778056360763129	0.045454545454545456
Chart/Chart_8	[3]	0.25	0.25
Chart/Chart_9	[2, 3]	0.41666666666666663	0.3333333333333333
Chart/Chart_10	[0]	1.0	1.0
Chart/Chart_11	[2, 3, 4]	0.4777777777777777	0.3333333333333333
Chart/Chart_12	[7]	0.125	0.125
Chart/Chart_13	[13]	0.07142857142857142	0.07142857142857142
Chart/Chart_14	[22, 23, 24, 25]	0.1001644370122631	0.043478260869565216
Chart/Chart_16	[1, 2]	0.5833333333333333	0.5
Chart/Chart_17	[0]	1.0	1.0
Chart/Chart_18	[2, 3, 4, 5, 6, 7]	0.594047619047619	0.3333333333333333
Chart/Chart_19	[2, 3]	0.41666666666666663	0.3333333333333333
Chart/Chart_20	[4, 5, 6]	0.3206349206349206	0.2
Chart/Chart_21	[2]	0.3333333333333333	0.3333333333333333
Chart/Chart_22	[7, 8, 9, 10, 11, 12, 13, 14, 15, 16, 27, 28, 29]	0.4087012247041113	0.125
Chart/Chart_24	[0, 1, 2, 3]	1.0	1.0
Chart/Chart_25	[45, 46, 47, 48, 49, 1846, 1847, 1848, 1849, 1850]	0.03300553779414721	0.021739130434782608
Chart/Chart_26	[428]	0.002331002331002331	0.002331002331002331
MAP	0.3426097294353814
MRR	0.2872607081118422
TOP-n	3	5	10	12	13	13	13	15	15	15	15	15	15	16	16	16	17	17	17	17	
