Chart/Chart_1	[19]	0.05	0.05
Chart/Chart_2	[0, 1, 2, 4, 5, 6, 7, 8, 9, 11, 13, 15, 17, 23]	0.8449263038548753	1.0
Chart/Chart_3	[0]	1.0	1.0
Chart/Chart_4	[16]	0.058823529411764705	0.058823529411764705
Chart/Chart_5	[1, 2, 3, 5]	0.6458333333333333	0.5
Chart/Chart_6	[47]	0.020833333333333332	0.020833333333333332
Chart/Chart_7	[11, 15, 17, 31, 32, 33, 46]	0.13956027285188738	0.08333333333333333
Chart/Chart_8	[2]	0.3333333333333333	0.3333333333333333
Chart/Chart_9	[0, 1]	1.0	1.0
Chart/Chart_10	[0]	1.0	1.0
Chart/Chart_11	[4, 6, 7]	0.28690476190476194	0.2
Chart/Chart_12	[10]	0.09090909090909091	0.09090909090909091
Chart/Chart_13	[25]	0.038461538461538464	0.038461538461538464
Chart/Chart_14	[193, 194, 195, 196]	0.01275543510214159	0.005154639175257732
Chart/Chart_16	[11, 12]	0.11858974358974358	0.08333333333333333
Chart/Chart_17	[0]	1.0	1.0
Chart/Chart_18	[0, 2, 3, 36, 37, 39]	0.46772562035719933	1.0
Chart/Chart_19	[4, 5]	0.26666666666666666	0.2
Chart/Chart_20	[0, 1, 2]	1.0	1.0
Chart/Chart_21	[0]	1.0	1.0
Chart/Chart_22	[2, 3, 4, 9, 10, 11, 12, 13, 14, 23, 29, 47, 48]	0.4458775656577854	0.3333333333333333
Chart/Chart_24	[0, 1, 2, 3]	1.0	1.0
Chart/Chart_25	[1666, 1671, 1672, 1673, 1712, 1830, 1831, 1832, 1833, 1834]	0.0030716766415109465	5.998800239952009E-4
Chart/Chart_26	[387]	0.002577319587628866	0.002577319587628866
MAP	0.45111873020819154
MRR	0.45836219434316433
TOP-n	9	10	12	12	14	14	14	14	14	14	15	17	17	17	17	17	18	18	18	19	
