Chart/Chart_1	[7]	0.125	0.125
Chart/Chart_2	[0, 1, 2, 4, 5, 6, 7, 8, 9, 11, 13, 15, 16, 19]	0.8562941843404028	1.0
Chart/Chart_3	[0]	1.0	1.0
Chart/Chart_4	[16]	0.058823529411764705	0.058823529411764705
Chart/Chart_5	[1, 2, 3, 5]	0.6458333333333333	0.5
Chart/Chart_6	[47]	0.020833333333333332	0.020833333333333332
Chart/Chart_7	[11, 30, 31, 32, 33, 34, 35]	0.12510620328287717	0.08333333333333333
Chart/Chart_8	[3]	0.25	0.25
Chart/Chart_9	[0, 2]	0.8333333333333333	1.0
Chart/Chart_10	[0]	1.0	1.0
Chart/Chart_11	[1, 5, 6]	0.42063492063492064	0.5
Chart/Chart_12	[12]	0.07692307692307693	0.07692307692307693
Chart/Chart_13	[14]	0.06666666666666667	0.06666666666666667
Chart/Chart_14	[193, 194, 195, 196]	0.01275543510214159	0.005154639175257732
Chart/Chart_16	[13, 14]	0.10238095238095238	0.07142857142857142
Chart/Chart_17	[0]	1.0	1.0
Chart/Chart_18	[0, 2, 3, 35, 36, 37]	0.47013460829250303	1.0
Chart/Chart_19	[7, 8]	0.1736111111111111	0.125
Chart/Chart_20	[0, 1, 2]	1.0	1.0
Chart/Chart_21	[1]	0.5	0.5
Chart/Chart_22	[6, 7, 8, 9, 10, 11, 12, 13, 14, 15, 16, 47, 48]	0.4290762297388025	0.14285714285714285
Chart/Chart_24	[0, 1, 2, 3]	1.0	1.0
Chart/Chart_25	[1665, 1670, 1671, 1672, 1711, 1829, 1830, 1831, 1832, 1833]	0.0030733956437219443	6.002400960384153E-4
Chart/Chart_26	[387]	0.002577319587628866	0.002577319587628866
MAP	0.42387740137985713
MRR	0.4387165772005339
TOP-n	8	11	11	12	12	12	13	15	15	15	15	16	17	18	19	19	20	20	20	20	
