Chart/Chart_1	[16]	0.058823529411764705	0.058823529411764705
Chart/Chart_2	[75, 76, 77, 78, 79, 81, 82, 83, 84, 85, 92, 93, 95, 96]	0.08509426268220528	0.013157894736842105
Chart/Chart_3	[3, 4]	0.325	0.25
Chart/Chart_4	[369]	0.002702702702702703	0.002702702702702703
Chart/Chart_5	[1, 3, 4, 5]	0.5666666666666667	0.5
Chart/Chart_6	[34]	0.02857142857142857	0.02857142857142857
Chart/Chart_7	[24, 34, 35, 36, 37, 38, 39]	0.10700134282841048	0.04
Chart/Chart_8	[3]	0.25	0.25
Chart/Chart_9	[2, 3]	0.41666666666666663	0.3333333333333333
Chart/Chart_10	[0]	1.0	1.0
Chart/Chart_11	[2, 3, 4]	0.4777777777777777	0.3333333333333333
Chart/Chart_12	[7]	0.125	0.125
Chart/Chart_13	[13]	0.07142857142857142	0.07142857142857142
Chart/Chart_14	[22, 23, 24, 25]	0.1001644370122631	0.043478260869565216
Chart/Chart_16	[14, 15]	0.09583333333333333	0.06666666666666667
Chart/Chart_17	[0]	1.0	1.0
Chart/Chart_18	[0, 1, 2, 4, 5, 6]	0.9150793650793649	1.0
Chart/Chart_19	[2, 3]	0.41666666666666663	0.3333333333333333
Chart/Chart_20	[4, 5, 6]	0.3206349206349206	0.2
Chart/Chart_21	[2]	0.3333333333333333	0.3333333333333333
Chart/Chart_22	[3, 4, 24, 25, 26, 27, 28, 29, 30, 31, 38, 39, 40]	0.2564084664428229	0.25
Chart/Chart_24	[0, 1, 2, 3]	1.0	1.0
Chart/Chart_25	[1714, 1715, 1716, 1717, 1718, 1867, 1868, 1869, 1870, 1871]	0.0030120308516303857	5.830903790087463E-4
Chart/Chart_26	[71]	0.013888888888888888	0.013888888888888888
MAP	0.33207309962414244
MRR	0.3019847652911989
TOP-n	4	5	9	12	13	13	13	14	14	14	14	14	14	15	16	16	17	17	17	17	