Closure/Closure_1	[251]	0.003968253968253968	0.003968253968253968
Closure/Closure_2	[3, 4]	0.325	0.25
Closure/Closure_3	[157, 458]	0.0053432061994980835	0.006329113924050633
Closure/Closure_5	[119]	0.008333333333333333	0.008333333333333333
Closure/Closure_6	[143, 192, 201, 202]	0.012965764347753594	0.006944444444444444
Closure/Closure_7	[0, 1, 3]	0.9166666666666666	1.0
Closure/Closure_8	[57, 58, 59]	0.03371322813169687	0.017241379310344827
Closure/Closure_9	[2]	0.3333333333333333	0.3333333333333333
Closure/Closure_10	[43, 74]	0.024696969696969696	0.022727272727272728
Closure/Closure_11	[407, 416]	0.0036235717308506134	0.0024509803921568627
Closure/Closure_13	[3031]	3.2981530343007914E-4	3.2981530343007914E-4
Closure/Closure_14	[1, 254, 264]	0.17305463065729434	0.5
Closure/Closure_16	[127, 128, 129, 130, 131, 142, 143]	0.0293393701626992	0.0078125
Closure/Closure_17	[190]	0.005235602094240838	0.005235602094240838
Closure/Closure_18	[1168]	8.55431993156544E-4	8.55431993156544E-4
Closure/Closure_20	[5]	0.16666666666666666	0.16666666666666666
Closure/Closure_21	[0, 1, 2, 41, 52, 54]	0.5497781044950857	1.0
Closure/Closure_22	[0, 1, 2, 3, 49, 50]	0.7029411764705881	1.0
Closure/Closure_23	[2, 3, 4, 8]	0.4694444444444444	0.3333333333333333
Closure/Closure_24	[18, 24]	0.06631578947368422	0.05263157894736842
Closure/Closure_25	[83, 88, 90, 93, 94]	0.03250569508417691	0.011904761904761904
Closure/Closure_26	[12]	0.07692307692307693	0.07692307692307693
Closure/Closure_27	[3, 4, 5]	0.3833333333333333	0.25
Closure/Closure_29	[179, 192, 211]	0.010023064417433369	0.005555555555555556
Closure/Closure_30	[198]	0.005025125628140704	0.005025125628140704
Closure/Closure_31	[950]	0.0010515247108307045	0.0010515247108307045
Closure/Closure_32	[13, 20, 26, 27]	0.10515873015873016	0.07142857142857142
Closure/Closure_34	[0, 1, 2, 6, 7, 8, 9, 12, 18]	0.7391293404451299	1.0
Closure/Closure_35	[2, 208, 339]	0.11724208024517623	0.3333333333333333
Closure/Closure_36	[571, 658]	0.0023915765569786814	0.0017482517482517483
Closure/Closure_37	[538, 573]	0.0026698040635322867	0.0018552875695732839
Closure/Closure_38	[27, 29, 30]	0.06638504864311316	0.03571428571428571
Closure/Closure_39	[3]	0.25	0.25
Closure/Closure_40	[50, 148, 154, 225, 384]	0.016614325734027883	0.0196078431372549
Closure/Closure_41	[155, 213, 236, 238, 723]	0.010411351534517499	0.00641025641025641
Closure/Closure_42	[0, 1]	1.0	1.0
Closure/Closure_43	[392, 433, 436, 654]	0.005031170745080532	0.002544529262086514
Closure/Closure_44	[121]	0.00819672131147541	0.00819672131147541
Closure/Closure_45	[73, 94, 114, 117]	0.02363785167473644	0.013513513513513514
Closure/Closure_46	[5, 6, 7, 8, 9]	0.3543650793650793	0.16666666666666666
Closure/Closure_47	[327]	0.003048780487804878	0.003048780487804878
Closure/Closure_48	[64, 210, 243, 311, 312]	0.0131906648105384	0.015384615384615385
Closure/Closure_49	[942, 1017, 1049, 1050, 1184, 1252]	0.0031160067991036493	0.0010604453870625664
Closure/Closure_50	[50, 66]	0.02472929470295581	0.0196078431372549
Closure/Closure_51	[30]	0.03225806451612903	0.03225806451612903
Closure/Closure_52	[9, 11]	0.13333333333333333	0.1
Closure/Closure_53	[25, 26]	0.05626780626780627	0.038461538461538464
Closure/Closure_54	[5, 52, 490, 2769, 2770, 2771]	0.03598757393086094	0.16666666666666666
Closure/Closure_55	[172]	0.005780346820809248	0.005780346820809248
Closure/Closure_56	[37, 38]	0.038798920377867745	0.02631578947368421
Closure/Closure_57	[4]	0.2	0.2
Closure/Closure_58	[4, 5]	0.26666666666666666	0.2
Closure/Closure_59	[3591]	2.7839643652561246E-4	2.7839643652561246E-4
Closure/Closure_60	[379]	0.002631578947368421	0.002631578947368421
Closure/Closure_61	[86]	0.011494252873563218	0.011494252873563218
Closure/Closure_62	[28, 29, 52]	0.05258439962408732	0.034482758620689655
Closure/Closure_65	[3]	0.25	0.25
Closure/Closure_66	[211]	0.0047169811320754715	0.0047169811320754715
Closure/Closure_67	[161, 238]	0.007270520171496461	0.006172839506172839
Closure/Closure_68	[10, 45]	0.06719367588932806	0.09090909090909091
Closure/Closure_69	[130, 175, 176, 183, 207]	0.016344793733102585	0.007633587786259542
Closure/Closure_70	[294, 377, 454]	0.005091414130962153	0.003389830508474576
Closure/Closure_71	[11, 12, 14, 18]	0.1619264507422402	0.08333333333333333
Closure/Closure_72	[146, 147, 148]	0.013483487596622783	0.006802721088435374
Closure/Closure_73	[8]	0.1111111111111111	0.1111111111111111
Closure/Closure_74	[14, 23, 25, 55]	0.08420329670329671	0.06666666666666667
Closure/Closure_75	[7]	0.125	0.125
Closure/Closure_76	[43, 51, 52, 55, 56, 60, 61, 81]	0.07322066395022686	0.022727272727272728
Closure/Closure_77	[9]	0.1	0.1
Closure/Closure_78	[45]	0.021739130434782608	0.021739130434782608
Closure/Closure_79	[22]	0.043478260869565216	0.043478260869565216
Closure/Closure_81	[13, 14, 18]	0.12088554720133667	0.07142857142857142
Closure/Closure_84	[18]	0.05263157894736842	0.05263157894736842
Closure/Closure_85	[77, 80, 81, 151, 167, 229]	0.02604364790936513	0.01282051282051282
Closure/Closure_87	[74, 79]	0.01916666666666667	0.013333333333333334
Closure/Closure_88	[105, 108, 109]	0.01835177113002974	0.009433962264150943
Closure/Closure_89	[60, 79, 132]	0.021316611200131477	0.01639344262295082
Closure/Closure_90	[0, 1, 1228]	0.6674803363167888	1.0
Closure/Closure_91	[118]	0.008403361344537815	0.008403361344537815
Closure/Closure_92	[38, 138]	0.020014757424829367	0.02564102564102564
Closure/Closure_94	[0, 3]	0.75	1.0
Closure/Closure_95	[1400, 2265, 2268, 2283]	0.0011674675621728154	7.137758743754461E-4
Closure/Closure_96	[23, 48, 61]	0.04362336332382415	0.041666666666666664
Closure/Closure_97	[7, 8, 9]	0.2157407407407407	0.125
Closure/Closure_98	[223, 412]	0.004653450363196126	0.004464285714285714
Closure/Closure_99	[30, 71]	0.030017921146953404	0.03225806451612903
Closure/Closure_100	[74, 82]	0.018714859437751006	0.013333333333333334
Closure/Closure_103	[120, 163, 164]	0.012880467647651684	0.008264462809917356
Closure/Closure_104	[3]	0.25	0.25
Closure/Closure_105	[25]	0.038461538461538464	0.038461538461538464
Closure/Closure_106	[4, 227]	0.10438596491228071	0.2
Closure/Closure_107	[431]	0.0023148148148148147	0.0023148148148148147
Closure/Closure_108	[2, 9, 116, 128, 147, 171]	0.10977493593772664	0.3333333333333333
Closure/Closure_109	[2]	0.3333333333333333	0.3333333333333333
Closure/Closure_110	[10, 11, 12, 13]	0.1935148185148185	0.09090909090909091
Closure/Closure_112	[60, 61, 109, 313]	0.02216577197874796	0.01639344262295082
Closure/Closure_113	[5, 9]	0.18333333333333335	0.16666666666666666
Closure/Closure_114	[113, 123]	0.01245048104131296	0.008771929824561403
Closure/Closure_115	[154, 169, 171, 226, 242]	0.014771091262477434	0.0064516129032258064
Closure/Closure_116	[14, 21, 56]	0.07006911217437534	0.06666666666666667
Closure/Closure_117	[17]	0.05555555555555555	0.05555555555555555
Closure/Closure_118	[7]	0.125	0.125
Closure/Closure_120	[116]	0.008547008547008548	0.008547008547008548
Closure/Closure_121	[57, 232, 240, 241]	0.013700532174346747	0.017241379310344827
Closure/Closure_122	[0]	1.0	1.0
Closure/Closure_123	[60, 118]	0.016600082656013225	0.01639344262295082
Closure/Closure_124	[3]	0.25	0.25
Closure/Closure_125	[110]	0.009009009009009009	0.009009009009009009
Closure/Closure_126	[12, 67, 144, 154, 155, 190]	0.0360493071718339	0.07692307692307693
Closure/Closure_127	[98, 99, 234]	0.014288989182606203	0.010101010101010102
Closure/Closure_128	[6, 7]	0.19642857142857142	0.14285714285714285
Closure/Closure_129	[1844]	5.420054200542005E-4	5.420054200542005E-4
Closure/Closure_130	[195]	0.00510204081632653	0.00510204081632653
Closure/Closure_131	[81, 83, 87]	0.023365184950550802	0.012195121951219513
Closure/Closure_132	[37, 43, 44, 80]	0.04695492941106976	0.02631578947368421
Closure/Closure_133	[77]	0.01282051282051282	0.01282051282051282
MAP	0.12229549660410359
MRR	0.13360789784601043
TOP-n	8	9	14	20	23	27	28	31	32	34	36	37	39	41	43	43	43	44	46	46	
