Closure/Closure_1	[37]	0.02631578947368421	0.02631578947368421
Closure/Closure_2	[3, 4]	0.325	0.25
Closure/Closure_3	[122, 347]	0.006938603868797309	0.008130081300813009
Closure/Closure_5	[96]	0.010309278350515464	0.010309278350515464
Closure/Closure_6	[0, 2, 6, 7]	0.6488095238095237	1.0
Closure/Closure_7	[0, 1, 2]	1.0	1.0
Closure/Closure_8	[63, 64, 65]	0.030616258741258742	0.015625
Closure/Closure_9	[0]	1.0	1.0
Closure/Closure_10	[34, 76]	0.027272727272727275	0.02857142857142857
Closure/Closure_11	[370, 381]	0.003965509941999125	0.0026954177897574125
Closure/Closure_13	[3034]	3.2948929159802305E-4	3.2948929159802305E-4
Closure/Closure_14	[1, 17, 35]	0.2314814814814815	0.5
Closure/Closure_16	[63, 64, 65, 66, 67, 72, 73]	0.05740943656318685	0.015625
Closure/Closure_17	[14]	0.06666666666666667	0.06666666666666667
Closure/Closure_18	[1169]	8.547008547008547E-4	8.547008547008547E-4
Closure/Closure_20	[5]	0.16666666666666666	0.16666666666666666
Closure/Closure_21	[0, 1, 2, 20, 21, 22]	0.6131030804943848	1.0
Closure/Closure_22	[0, 1, 2, 3, 6, 22]	0.829192546583851	1.0
Closure/Closure_23	[2, 3, 4, 8]	0.4694444444444444	0.3333333333333333
Closure/Closure_24	[18, 24]	0.06631578947368422	0.05263157894736842
Closure/Closure_25	[71, 87, 96, 99, 100]	0.0314097894325515	0.013888888888888888
Closure/Closure_26	[9]	0.1	0.1
Closure/Closure_27	[2, 3, 7]	0.40277777777777773	0.3333333333333333
Closure/Closure_29	[91, 100, 131]	0.01779960604756128	0.010869565217391304
Closure/Closure_30	[194]	0.005128205128205128	0.005128205128205128
Closure/Closure_31	[947, 951]	0.0015778463284047794	0.0010548523206751054
Closure/Closure_32	[9, 15, 17, 18]	0.15054824561403507	0.1
Closure/Closure_34	[0, 1, 2, 6, 7, 8, 9, 11, 16]	0.751019296607532	1.0
Closure/Closure_35	[2, 70, 363]	0.12324803521986621	0.3333333333333333
Closure/Closure_36	[615, 692]	0.002254689754689755	0.0016233766233766235
Closure/Closure_37	[540, 574]	0.002663344852527526	0.0018484288354898336
Closure/Closure_38	[3, 31, 32]	0.134469696969697	0.25
Closure/Closure_39	[3]	0.25	0.25
Closure/Closure_40	[52, 81, 82, 177, 334]	0.023360005998136365	0.018867924528301886
Closure/Closure_41	[91, 100, 238, 241, 702]	0.013373029564780823	0.010869565217391304
Closure/Closure_42	[0, 1]	1.0	1.0
Closure/Closure_43	[333, 372, 381, 619]	0.005665239578885283	0.0029940119760479044
Closure/Closure_44	[121]	0.00819672131147541	0.00819672131147541
Closure/Closure_45	[76, 82, 120, 122]	0.023599278040546443	0.012987012987012988
Closure/Closure_46	[0, 1, 2, 3, 4]	1.0	1.0
Closure/Closure_47	[234]	0.00425531914893617	0.00425531914893617
Closure/Closure_48	[71, 171, 220, 260, 264]	0.014657010305100682	0.013888888888888888
Closure/Closure_49	[682, 767, 775, 776, 870, 2210]	0.0035894187290471126	0.0014641288433382138
Closure/Closure_50	[41, 54]	0.030086580086580085	0.023809523809523808
Closure/Closure_51	[31]	0.03125	0.03125
Closure/Closure_52	[9, 11]	0.13333333333333333	0.1
Closure/Closure_53	[25, 26]	0.05626780626780627	0.038461538461538464
Closure/Closure_54	[2, 8, 318, 2659, 2660, 2661]	0.09509944015521955	0.3333333333333333
Closure/Closure_55	[174]	0.005714285714285714	0.005714285714285714
Closure/Closure_56	[36, 37]	0.03982930298719772	0.02702702702702703
Closure/Closure_57	[4]	0.2	0.2
Closure/Closure_58	[4, 5]	0.26666666666666666	0.2
Closure/Closure_59	[1732]	5.770340450086555E-4	5.770340450086555E-4
Closure/Closure_60	[143]	0.006944444444444444	0.006944444444444444
Closure/Closure_61	[54]	0.01818181818181818	0.01818181818181818
Closure/Closure_62	[0, 1, 2, 3, 4, 14]	0.9	1.0
Closure/Closure_65	[0]	1.0	1.0
Closure/Closure_66	[195]	0.00510204081632653	0.00510204081632653
Closure/Closure_67	[157, 243]	0.007262917617763022	0.006329113924050633
Closure/Closure_68	[11, 46]	0.06294326241134751	0.08333333333333333
Closure/Closure_69	[47, 89, 90, 96, 101]	0.03325586195355752	0.020833333333333332
Closure/Closure_70	[213, 267, 323]	0.00713161434089504	0.004672897196261682
Closure/Closure_71	[2, 7, 11, 12]	0.28525641025641024	0.3333333333333333
Closure/Closure_72	[153, 154, 155]	0.01287583384357578	0.006493506493506494
Closure/Closure_73	[5]	0.16666666666666666	0.16666666666666666
Closure/Closure_74	[10, 11, 15, 21]	0.15672348484848486	0.09090909090909091
Closure/Closure_75	[9]	0.1	0.1
Closure/Closure_76	[38, 39, 40, 45, 46, 52, 69, 70]	0.0835043576648396	0.02564102564102564
Closure/Closure_77	[6]	0.14285714285714285	0.14285714285714285
Closure/Closure_78	[26]	0.037037037037037035	0.037037037037037035
Closure/Closure_79	[23]	0.041666666666666664	0.041666666666666664
Closure/Closure_81	[14, 15, 19]	0.11388888888888889	0.06666666666666667
Closure/Closure_84	[20]	0.047619047619047616	0.047619047619047616
Closure/Closure_85	[76, 78, 79, 102, 128, 148]	0.03227776107297429	0.012987012987012988
Closure/Closure_87	[76, 82]	0.01854169926459083	0.012987012987012988
Closure/Closure_88	[29, 31, 32]	0.062247474747474746	0.03333333333333333
Closure/Closure_89	[83, 220, 331]	0.009996893412910423	0.011904761904761904
Closure/Closure_90	[0, 1, 1230]	0.6674790143514757	1.0
Closure/Closure_91	[119]	0.008333333333333333	0.008333333333333333
Closure/Closure_92	[40, 82]	0.02424331472230385	0.024390243902439025
Closure/Closure_94	[2, 3]	0.41666666666666663	0.3333333333333333
Closure/Closure_95	[2191, 2216, 2219, 2238]	0.0011240468871279766	4.562043795620438E-4
Closure/Closure_96	[24, 37, 55]	0.048734335839599	0.04
Closure/Closure_97	[7, 8, 9]	0.2157407407407407	0.125
Closure/Closure_98	[232, 421]	0.004515590993226614	0.004291845493562232
Closure/Closure_99	[72, 89]	0.017960426179604264	0.0136986301369863
Closure/Closure_100	[69, 71]	0.02103174603174603	0.014285714285714285
Closure/Closure_103	[127, 170, 171]	0.012316755632621607	0.0078125
Closure/Closure_104	[3]	0.25	0.25
Closure/Closure_105	[26]	0.037037037037037035	0.037037037037037035
Closure/Closure_106	[4, 151]	0.10657894736842105	0.2
Closure/Closure_107	[233]	0.004273504273504274	0.004273504273504274
Closure/Closure_108	[2, 9, 105, 136, 155, 171]	0.10962788389987858	0.3333333333333333
Closure/Closure_109	[2]	0.3333333333333333	0.3333333333333333
Closure/Closure_110	[5, 11, 12, 13]	0.21245421245421245	0.16666666666666666
Closure/Closure_112	[56, 57, 73, 295]	0.02652016808096663	0.017543859649122806
Closure/Closure_113	[6, 11]	0.15476190476190477	0.14285714285714285
Closure/Closure_114	[116, 125]	0.01221001221001221	0.008547008547008548
Closure/Closure_115	[48, 85, 86, 92, 110]	0.03324050671454025	0.02040816326530612
Closure/Closure_116	[5, 6, 12]	0.2277167277167277	0.16666666666666666
Closure/Closure_117	[16]	0.058823529411764705	0.058823529411764705
Closure/Closure_118	[5]	0.16666666666666666	0.16666666666666666
Closure/Closure_120	[121]	0.00819672131147541	0.00819672131147541
Closure/Closure_121	[14, 236, 245, 246]	0.02587373479177317	0.06666666666666667
Closure/Closure_122	[0]	1.0	1.0
Closure/Closure_123	[14, 48]	0.05374149659863946	0.06666666666666667
Closure/Closure_124	[5]	0.16666666666666666	0.16666666666666666
Closure/Closure_125	[113]	0.008771929824561403	0.008771929824561403
Closure/Closure_126	[12, 75, 76, 77, 86, 184]	0.04723094224001664	0.07692307692307693
Closure/Closure_127	[72, 73, 141]	0.02061747257579787	0.0136986301369863
Closure/Closure_128	[6, 7]	0.19642857142857142	0.14285714285714285
Closure/Closure_129	[1843]	5.422993492407809E-4	5.422993492407809E-4
Closure/Closure_130	[173]	0.005747126436781609	0.005747126436781609
Closure/Closure_131	[84, 85, 87]	0.023037142975583468	0.011764705882352941
Closure/Closure_132	[40, 45, 46, 60]	0.049318015624462516	0.024390243902439025
Closure/Closure_133	[79]	0.0125	0.0125
MAP	0.16078580042576612
MRR	0.17475155698058398
TOP-n	12	13	21	25	28	34	37	38	38	42	43	44	45	45	49	49	50	50	51	51	