Time/Time_1	[3, 8, 9, 10]	0.2839646464646465	0.25
Time/Time_2	[17, 21, 24]	0.08882154882154882	0.05555555555555555
Time/Time_3	[0, 1, 2, 3, 4, 5]	1.0	1.0
Time/Time_4	[6, 15, 16]	0.148109243697479	0.14285714285714285
Time/Time_5	[22, 23, 24, 25]	0.1001644370122631	0.043478260869565216
Time/Time_6	[10, 11, 96, 124, 239]	0.06826738519212747	0.09090909090909091
Time/Time_7	[8, 9, 10, 11]	0.22929292929292927	0.1111111111111111
Time/Time_8	[2, 13, 14]	0.2253968253968254	0.3333333333333333
Time/Time_9	[7, 8, 10]	0.20664983164983164	0.125
Time/Time_10	[114, 115, 116, 117]	0.021369090552507318	0.008695652173913044
Time/Time_11	[314]	0.0031746031746031746	0.0031746031746031746
Time/Time_12	[3, 4, 7, 8]	0.3673611111111111	0.25
Time/Time_13	[14, 23, 24, 66]	0.08242537313432836	0.06666666666666667
Time/Time_14	[2, 9, 12]	0.2547008547008547	0.3333333333333333
Time/Time_15	[0, 2]	0.8333333333333333	1.0
Time/Time_16	[3, 4, 5, 6]	0.4303571428571428	0.25
Time/Time_17	[1, 2, 3, 4, 5]	0.7100000000000001	0.5
Time/Time_18	[2, 3, 4, 5, 6, 7, 8, 9, 10]	0.6622494789161455	0.3333333333333333
Time/Time_19	[125]	0.007936507936507936	0.007936507936507936
Time/Time_20	[4, 5, 6, 7, 8]	0.40349206349206346	0.2
Time/Time_22	[7]	0.125	0.125
Time/Time_23	[5]	0.16666666666666666	0.16666666666666666
Time/Time_24	[273, 279, 280, 349, 369]	0.009282146741013665	0.0036496350364963502
Time/Time_25	[16, 18, 41]	0.07850508624502432	0.058823529411764705
Time/Time_26	[476, 480, 483, 487]	0.005162377158904449	0.0020964360587002098
Time/Time_27	[219]	0.004545454545454545	0.004545454545454545
MAP	0.25062415915743513
MRR	0.21023716588358615
TOP-n	2	3	6	9	10	11	12	14	15	15	16	16	16	16	17	17	18	19	19	19	
