Time/Time_1	[1, 7, 8, 9]	0.37083333333333335	0.5
Time/Time_2	[16, 21, 24]	0.0899108734402852	0.058823529411764705
Time/Time_3	[0, 16, 17, 18, 19, 20]	0.3384257211656592	1.0
Time/Time_4	[6, 13, 14, 15, 16]	0.20596638655462188	0.14285714285714285
Time/Time_5	[8, 10, 11, 25]	0.1741938616938617	0.1111111111111111
Time/Time_6	[4, 5, 84, 113, 286]	0.12422735461321883	0.2
Time/Time_7	[8, 9, 10, 11]	0.22929292929292927	0.1111111111111111
Time/Time_8	[2, 11, 12]	0.2435897435897436	0.3333333333333333
Time/Time_9	[6, 7, 9]	0.23095238095238094	0.14285714285714285
Time/Time_10	[105, 106, 107, 108]	0.023150144133349367	0.009433962264150943
Time/Time_11	[313]	0.0031847133757961785	0.0031847133757961785
Time/Time_12	[5, 6, 13, 14]	0.23333333333333334	0.16666666666666666
Time/Time_13	[17, 23, 24, 66]	0.07964759535655058	0.05555555555555555
Time/Time_14	[2, 8, 14]	0.2518518518518518	0.3333333333333333
Time/Time_15	[0, 2]	0.8333333333333333	1.0
Time/Time_16	[3, 4, 5, 6]	0.4303571428571428	0.25
Time/Time_17	[1, 2, 3, 4, 5]	0.7100000000000001	0.5
Time/Time_18	[2, 3, 4, 5, 6, 7, 8, 9, 10]	0.6622494789161455	0.3333333333333333
Time/Time_19	[123]	0.008064516129032258	0.008064516129032258
Time/Time_20	[4, 5, 6, 7, 8]	0.40349206349206346	0.2
Time/Time_22	[7]	0.125	0.125
Time/Time_23	[5]	0.16666666666666666	0.16666666666666666
Time/Time_24	[272, 278, 279, 347, 367]	0.009325391510790747	0.003663003663003663
Time/Time_25	[81, 86, 128]	0.019479813883944774	0.012195121951219513
Time/Time_26	[360, 364, 367, 373]	0.006774224059026619	0.002770083102493075
Time/Time_27	[219]	0.004545454545454545	0.004545454545454545
MAP	0.22991724261848137
MRR	0.22209637620262734
TOP-n	2	4	7	8	10	12	14	15	17	17	17	17	17	17	17	17	18	19	19	19	