Time/Time_1	[0, 4, 8, 10]	0.5242424242424242	1.0
Time/Time_2	[10, 11, 17]	0.1414141414141414	0.09090909090909091
Time/Time_3	[6, 7, 8, 9, 10, 11]	0.3467893217893218	0.14285714285714285
Time/Time_4	[0, 9, 15, 16]	0.4056985294117647	1.0
Time/Time_5	[1, 3, 4, 12]	0.47692307692307695	0.5
Time/Time_6	[1, 2, 80, 112, 182]	0.25328486763275676	0.5
Time/Time_7	[1, 19, 20, 21]	0.2311688311688312	0.5
Time/Time_8	[0, 10, 203]	0.3988413547237077	1.0
Time/Time_9	[0, 3, 8]	0.611111111111111	1.0
Time/Time_10	[51, 57, 110, 111]	0.029113710148192907	0.019230769230769232
Time/Time_11	[297]	0.003355704697986577	0.003355704697986577
Time/Time_12	[5, 6, 8, 9]	0.2964285714285714	0.16666666666666666
Time/Time_13	[1, 3, 11, 12]	0.3894230769230769	0.5
Time/Time_14	[17, 30, 45]	0.06176302529738714	0.05555555555555555
Time/Time_15	[0, 1]	1.0	1.0
Time/Time_16	[8, 14, 15, 18]	0.16061769005847953	0.1111111111111111
Time/Time_17	[2, 3, 4, 5, 6]	0.5628571428571428	0.3333333333333333
Time/Time_18	[0, 4, 5, 6, 7, 8, 9, 10, 11]	0.660040885040885	1.0
Time/Time_19	[110]	0.009009009009009009	0.009009009009009009
Time/Time_20	[9, 10, 13, 14, 615]	0.15417748917748916	0.1
Time/Time_22	[11]	0.08333333333333333	0.08333333333333333
Time/Time_23	[3]	0.25	0.25
Time/Time_24	[170, 183, 281, 294, 320]	0.01129829246550865	0.005847953216374269
Time/Time_25	[29, 30, 34]	0.061187916026625704	0.03333333333333333
Time/Time_26	[442, 457, 458, 459]	0.005463937114130176	0.002257336343115124
Time/Time_27	[189]	0.005263157894736842	0.005263157894736842
MAP	0.2743387153803728
MRR	0.36200244221121375
TOP-n	6	10	11	12	12	13	14	14	15	16	17	18	18	18	18	18	18	19	19	19	
