Time/Time_1	[0, 6, 7, 8]	0.5262896825396826	1.0
Time/Time_2	[14, 20, 23]	0.09563492063492063	0.06666666666666667
Time/Time_3	[0, 1, 2, 3, 4, 5]	1.0	1.0
Time/Time_4	[7, 14, 15]	0.1486111111111111	0.125
Time/Time_5	[21, 22, 23, 24]	0.10435276679841898	0.045454545454545456
Time/Time_6	[14, 15, 89, 119, 305]	0.05493464052287581	0.06666666666666667
Time/Time_7	[8, 9, 10, 11]	0.22929292929292927	0.1111111111111111
Time/Time_8	[5, 7, 8]	0.25	0.16666666666666666
Time/Time_9	[3, 4, 8]	0.3277777777777778	0.25
Time/Time_10	[110, 111, 112, 113]	0.02212563593269229	0.009009009009009009
Time/Time_11	[313]	0.0031847133757961785	0.0031847133757961785
Time/Time_12	[3, 4, 6, 7]	0.39464285714285713	0.25
Time/Time_13	[23, 29, 37, 66]	0.06174554857292485	0.041666666666666664
Time/Time_14	[2, 10, 17]	0.22727272727272727	0.3333333333333333
Time/Time_15	[0, 2]	0.8333333333333333	1.0
Time/Time_16	[3, 4, 5, 6]	0.4303571428571428	0.25
Time/Time_17	[1, 2, 3, 4, 5]	0.7100000000000001	0.5
Time/Time_18	[2, 3, 4, 5, 6, 7, 8, 9, 10]	0.6622494789161455	0.3333333333333333
Time/Time_19	[122]	0.008130081300813009	0.008130081300813009
Time/Time_20	[4, 5, 6, 7, 8]	0.40349206349206346	0.2
Time/Time_22	[7]	0.125	0.125
Time/Time_23	[5]	0.16666666666666666	0.16666666666666666
Time/Time_24	[273, 277, 278, 347, 367]	0.00933555544163165	0.0036496350364963502
Time/Time_25	[89, 92, 120]	0.019136625294983067	0.011111111111111112
Time/Time_26	[463, 467, 470, 474]	0.005304789017617171	0.0021551724137931034
Time/Time_27	[219]	0.004545454545454545	0.004545454545454545
MAP	0.2624390962246371
MRR	0.23359041666762037
TOP-n	3	4	6	9	10	12	12	14	15	15	15	15	15	15	17	17	17	17	17	17	
