Chart/Chart_1	[11]	0.08333333333333333	0.08333333333333333
Chart/Chart_2	[0, 1, 2, 4, 5, 6, 7, 8, 9, 11, 13, 14, 15, 20]	0.8608985260770975	1.0
Chart/Chart_3	[0]	1.0	1.0
Chart/Chart_4	[12]	0.07692307692307693	0.07692307692307693
Chart/Chart_5	[1, 3, 4, 5]	0.5666666666666667	0.5
Chart/Chart_6	[55]	0.017857142857142856	0.017857142857142856
Chart/Chart_7	[11, 32, 33, 34, 35, 36, 37]	0.1188174256727994	0.08333333333333333
Chart/Chart_8	[3]	0.25	0.25
Chart/Chart_9	[3, 4]	0.325	0.25
Chart/Chart_10	[0]	1.0	1.0
Chart/Chart_11	[1, 5, 6]	0.42063492063492064	0.5
Chart/Chart_12	[12]	0.07692307692307693	0.07692307692307693
Chart/Chart_13	[16]	0.058823529411764705	0.058823529411764705
Chart/Chart_14	[50, 51, 52, 53]	0.047186807314443274	0.0196078431372549
Chart/Chart_16	[1, 2]	0.5833333333333333	0.5
Chart/Chart_17	[2]	0.3333333333333333	0.3333333333333333
Chart/Chart_18	[0, 2, 3, 10, 11, 12]	0.6097513597513597	1.0
Chart/Chart_19	[8, 9]	0.15555555555555556	0.1111111111111111
Chart/Chart_20	[4, 5, 6]	0.3206349206349206	0.2
Chart/Chart_21	[7]	0.125	0.125
Chart/Chart_22	[11, 12, 34, 35, 36, 37, 38, 39, 40, 41, 42, 43, 44]	0.18319688336854054	0.08333333333333333
Chart/Chart_24	[0, 1, 2, 3]	1.0	1.0
Chart/Chart_25	[229, 230, 231, 232, 233, 1817, 1822, 1823, 1824, 1863]	0.008629420569621326	0.004347826086956522
Chart/Chart_26	[441]	0.0022624434389140274	0.0022624434389140274
MAP	0.3426984064916625
MRR	0.34484122430094294
TOP-n	5	8	9	11	12	12	12	13	14	14	14	17	19	19	19	19	20	20	20	20	