Chart/Chart_1	[27]	0.03571428571428571	0.03571428571428571
Chart/Chart_2	[0, 1, 64, 65, 66, 67, 68, 69, 70, 71, 74, 75, 76, 81]	0.24250934200881522	1.0
Chart/Chart_3	[1]	0.5	0.5
Chart/Chart_4	[203]	0.004901960784313725	0.004901960784313725
Chart/Chart_5	[1, 3, 4, 5]	0.5666666666666667	0.5
Chart/Chart_6	[55]	0.017857142857142856	0.017857142857142856
Chart/Chart_7	[11, 32, 33, 34, 35, 36, 37]	0.1188174256727994	0.08333333333333333
Chart/Chart_8	[3]	0.25	0.25
Chart/Chart_9	[4, 6]	0.24285714285714285	0.2
Chart/Chart_10	[0]	1.0	1.0
Chart/Chart_11	[1, 5, 6]	0.42063492063492064	0.5
Chart/Chart_12	[16]	0.058823529411764705	0.058823529411764705
Chart/Chart_13	[22]	0.043478260869565216	0.043478260869565216
Chart/Chart_14	[32, 33, 34, 35]	0.07148798913504796	0.030303030303030304
Chart/Chart_16	[1, 2]	0.5833333333333333	0.5
Chart/Chart_17	[3]	0.25	0.25
Chart/Chart_18	[1, 2, 3, 6, 8, 9]	0.6072751322751323	0.5
Chart/Chart_19	[19, 20]	0.07261904761904761	0.05
Chart/Chart_20	[4, 5, 6]	0.3206349206349206	0.2
Chart/Chart_21	[10]	0.09090909090909091	0.09090909090909091
Chart/Chart_22	[11, 12, 42, 43, 44, 45, 46, 47, 48, 49, 50, 51, 52]	0.15618590339099978	0.08333333333333333
Chart/Chart_24	[0, 1, 2, 3]	1.0	1.0
Chart/Chart_25	[73, 74, 75, 76, 77, 1817, 1822, 1823, 1824, 1863]	0.021752691356804174	0.013513513513513514
Chart/Chart_26	[947]	0.0010548523206751054	0.0010548523206751054
MAP	0.27822973493551956
MRR	0.288050930556252
TOP-n	3	8	8	10	12	12	12	12	12	12	13	15	15	15	15	15	16	16	16	17	