Chart/Chart_1	[8]	0.1111111111111111	0.1111111111111111
Chart/Chart_2	[0, 1, 2, 4, 5, 6, 7, 8, 9, 11, 13, 14, 16, 19]	0.8598656129118315	1.0
Chart/Chart_3	[0]	1.0	1.0
Chart/Chart_4	[12]	0.07692307692307693	0.07692307692307693
Chart/Chart_5	[1, 2, 3, 5]	0.6458333333333333	0.5
Chart/Chart_6	[48]	0.02040816326530612	0.02040816326530612
Chart/Chart_7	[11, 32, 33, 34, 35, 36, 37]	0.1188174256727994	0.08333333333333333
Chart/Chart_8	[3]	0.25	0.25
Chart/Chart_9	[2, 3]	0.41666666666666663	0.3333333333333333
Chart/Chart_10	[0]	1.0	1.0
Chart/Chart_11	[1, 5, 6]	0.42063492063492064	0.5
Chart/Chart_12	[12]	0.07692307692307693	0.07692307692307693
Chart/Chart_13	[14]	0.06666666666666667	0.06666666666666667
Chart/Chart_14	[181, 182, 183, 184]	0.013587359172711987	0.005494505494505495
Chart/Chart_16	[4, 5]	0.26666666666666666	0.2
Chart/Chart_17	[0]	1.0	1.0
Chart/Chart_18	[0, 2, 3, 22, 23, 24]	0.5064855072463769	1.0
Chart/Chart_19	[7, 8]	0.1736111111111111	0.125
Chart/Chart_20	[0, 1, 2]	1.0	1.0
Chart/Chart_21	[1]	0.5	0.5
Chart/Chart_22	[12, 13, 30, 31, 32, 33, 34, 35, 36, 37, 38, 39, 40]	0.19979138200494992	0.07692307692307693
Chart/Chart_24	[0, 1, 2, 3]	1.0	1.0
Chart/Chart_25	[1665, 1670, 1671, 1672, 1711, 1821, 1822, 1823, 1824, 1825]	0.003082969384152655	6.002400960384153E-4
Chart/Chart_26	[407]	0.0024509803921568627	0.0024509803921568627
MAP	0.4053969179202881
MRR	0.4137153151859034
TOP-n	7	10	11	12	13	13	13	14	15	15	15	16	19	19	20	20	20	20	20	20	