Chart/Chart_1	[27]	0.03571428571428571	0.03571428571428571
Chart/Chart_2	[0, 1, 3, 4, 5, 6, 7, 8, 9, 10, 74, 75, 76, 81]	0.675541447722357	1.0
Chart/Chart_3	[1]	0.5	0.5
Chart/Chart_4	[202]	0.0049261083743842365	0.0049261083743842365
Chart/Chart_5	[1, 3, 4, 5]	0.5666666666666667	0.5
Chart/Chart_6	[55]	0.017857142857142856	0.017857142857142856
Chart/Chart_7	[11, 32, 33, 34, 35, 36, 37]	0.1188174256727994	0.08333333333333333
Chart/Chart_8	[3]	0.25	0.25
Chart/Chart_9	[4, 5]	0.26666666666666666	0.2
Chart/Chart_10	[0]	1.0	1.0
Chart/Chart_11	[1, 5, 6]	0.42063492063492064	0.5
Chart/Chart_12	[13]	0.07142857142857142	0.07142857142857142
Chart/Chart_13	[20]	0.047619047619047616	0.047619047619047616
Chart/Chart_14	[32, 33, 34, 35]	0.07148798913504796	0.030303030303030304
Chart/Chart_16	[1, 2]	0.5833333333333333	0.5
Chart/Chart_17	[3]	0.25	0.25
Chart/Chart_18	[1, 2, 3, 6, 8, 9]	0.6072751322751323	0.5
Chart/Chart_19	[18, 19]	0.07631578947368421	0.05263157894736842
Chart/Chart_20	[4, 5, 6]	0.3206349206349206	0.2
Chart/Chart_21	[8]	0.1111111111111111	0.1111111111111111
Chart/Chart_22	[11, 12, 40, 41, 42, 43, 44, 45, 46, 47, 48, 49, 50]	0.1620703131559951	0.08333333333333333
Chart/Chart_24	[0, 1, 2, 3]	1.0	1.0
Chart/Chart_25	[103, 104, 105, 106, 107, 1817, 1822, 1823, 1824, 1863]	0.016246679744856544	0.009615384615384616
Chart/Chart_26	[924]	0.001081081081081081	0.001081081081081081
MAP	0.29897619305425016
MRR	0.2895397503632531
TOP-n	3	8	8	10	12	12	12	12	13	13	13	15	15	16	16	16	16	16	17	17	