Chart/Chart_1	[11]	0.08333333333333333	0.08333333333333333
Chart/Chart_2	[0, 1, 2, 4, 5, 6, 7, 8, 9, 11, 13, 14, 15, 20]	0.8608985260770975	1.0
Chart/Chart_3	[0]	1.0	1.0
Chart/Chart_4	[12]	0.07692307692307693	0.07692307692307693
Chart/Chart_5	[1, 2, 3, 5]	0.6458333333333333	0.5
Chart/Chart_6	[55]	0.017857142857142856	0.017857142857142856
Chart/Chart_7	[11, 32, 33, 34, 35, 36, 37]	0.1188174256727994	0.08333333333333333
Chart/Chart_8	[3]	0.25	0.25
Chart/Chart_9	[3, 4]	0.325	0.25
Chart/Chart_10	[0]	1.0	1.0
Chart/Chart_11	[1, 5, 6]	0.42063492063492064	0.5
Chart/Chart_12	[12]	0.07692307692307693	0.07692307692307693
Chart/Chart_13	[16]	0.058823529411764705	0.058823529411764705
Chart/Chart_14	[58, 59, 60, 61]	0.040994735694204185	0.01694915254237288
Chart/Chart_16	[1, 2]	0.5833333333333333	0.5
Chart/Chart_17	[1]	0.5	0.5
Chart/Chart_18	[0, 2, 3, 12, 13, 14]	0.5802503052503053	1.0
Chart/Chart_19	[7, 8]	0.1736111111111111	0.125
Chart/Chart_20	[4, 5, 6]	0.3206349206349206	0.2
Chart/Chart_21	[7]	0.125	0.125
Chart/Chart_22	[11, 12, 34, 35, 36, 37, 38, 39, 40, 41, 42, 43, 44]	0.18319688336854054	0.08333333333333333
Chart/Chart_24	[0, 1, 2, 3]	1.0	1.0
Chart/Chart_25	[1735, 1736, 1737, 1738, 1739, 1817, 1822, 1823, 1824, 1863]	0.0030449738181529775	5.76036866359447E-4
Chart/Chart_26	[430]	0.002320185614849188	0.002320185614849188
MAP	0.3519762839163317
MRR	0.35209884171411004
TOP-n	5	9	9	11	12	12	12	14	14	14	14	17	19	19	19	19	20	20	20	20	