Chart/Chart_1	[6]	0.14285714285714285	0.14285714285714285
Chart/Chart_2	[0, 1, 2, 3, 19, 21, 24, 25, 26, 30, 31, 32, 34, 36]	0.5159662051683941	1.0
Chart/Chart_3	[0]	1.0	1.0
Chart/Chart_4	[213]	0.004672897196261682	0.004672897196261682
Chart/Chart_5	[0, 1, 2, 3]	1.0	1.0
Chart/Chart_6	[47]	0.020833333333333332	0.020833333333333332
Chart/Chart_7	[11, 32, 33, 34, 35, 36, 37]	0.1188174256727994	0.08333333333333333
Chart/Chart_8	[3]	0.25	0.25
Chart/Chart_9	[0, 1]	1.0	1.0
Chart/Chart_10	[0]	1.0	1.0
Chart/Chart_11	[1, 5, 6]	0.42063492063492064	0.5
Chart/Chart_12	[11]	0.08333333333333333	0.08333333333333333
Chart/Chart_13	[11]	0.08333333333333333	0.08333333333333333
Chart/Chart_14	[193, 194, 195, 196]	0.01275543510214159	0.005154639175257732
Chart/Chart_16	[26, 27]	0.05423280423280423	0.037037037037037035
Chart/Chart_17	[0]	1.0	1.0
Chart/Chart_18	[0, 2, 3, 44, 45, 46]	0.45698513036625893	1.0
Chart/Chart_19	[3, 4]	0.325	0.25
Chart/Chart_20	[0, 1, 2]	1.0	1.0
Chart/Chart_21	[1]	0.5	0.5
Chart/Chart_22	[5, 6, 7, 8, 9, 10, 11, 12, 13, 14, 15, 65, 66]	0.4529899794681655	0.16666666666666666
Chart/Chart_24	[0, 1, 2, 3]	1.0	1.0
Chart/Chart_25	[1663, 1668, 1669, 1670, 1709, 1836, 1837, 1838, 1839, 1840]	0.0030661451427816	6.009615384615385E-4
Chart/Chart_26	[269]	0.003703703703703704	0.003703703703703704
MAP	0.4353825745643906
MRR	0.46381359922949433
TOP-n	9	11	11	13	13	14	15	15	15	15	15	18	18	18	18	18	18	18	18	18	