Chart/Chart_1	[19]	0.05	0.05
Chart/Chart_2	[0, 1, 2, 4, 5, 6, 7, 8, 9, 11, 13, 14, 15, 20]	0.8608985260770975	1.0
Chart/Chart_3	[1]	0.5	0.5
Chart/Chart_4	[14]	0.06666666666666667	0.06666666666666667
Chart/Chart_5	[1, 3, 4, 5]	0.5666666666666667	0.5
Chart/Chart_6	[55]	0.017857142857142856	0.017857142857142856
Chart/Chart_7	[11, 32, 33, 34, 35, 36, 37]	0.1188174256727994	0.08333333333333333
Chart/Chart_8	[3]	0.25	0.25
Chart/Chart_9	[4, 5]	0.26666666666666666	0.2
Chart/Chart_10	[0]	1.0	1.0
Chart/Chart_11	[1, 5, 6]	0.42063492063492064	0.5
Chart/Chart_12	[13]	0.07142857142857142	0.07142857142857142
Chart/Chart_13	[18]	0.05263157894736842	0.05263157894736842
Chart/Chart_14	[34, 35, 36, 37]	0.0676178057757005	0.02857142857142857
Chart/Chart_16	[1, 2]	0.5833333333333333	0.5
Chart/Chart_17	[3]	0.25	0.25
Chart/Chart_18	[0, 3, 4, 5, 8, 9]	0.6537037037037037	1.0
Chart/Chart_19	[9, 10]	0.14090909090909093	0.1
Chart/Chart_20	[4, 5, 6]	0.3206349206349206	0.2
Chart/Chart_21	[7]	0.125	0.125
Chart/Chart_22	[11, 12, 36, 37, 38, 39, 40, 41, 42, 43, 44, 45, 46]	0.1754939661038851	0.08333333333333333
Chart/Chart_24	[0, 1, 2, 3]	1.0	1.0
Chart/Chart_25	[171, 172, 173, 174, 175, 1817, 1822, 1823, 1824, 1863]	0.010770469333328835	0.005813953488372093
Chart/Chart_26	[888]	0.0011248593925759281	0.0011248593925759281
MAP	0.3154523464501849
MRR	0.31607336950078296
TOP-n	4	8	8	10	12	12	12	13	13	14	14	16	16	17	18	18	18	18	19	20	