Chart/Chart_1	[7]	0.125	0.125
Chart/Chart_2	[0, 1, 2, 4, 5, 6, 7, 9, 10, 11, 13, 16, 17, 19]	0.8379150144906446	1.0
Chart/Chart_3	[0]	1.0	1.0
Chart/Chart_4	[35]	0.027777777777777776	0.027777777777777776
Chart/Chart_5	[0, 2, 3, 5]	0.7708333333333333	1.0
Chart/Chart_6	[47]	0.020833333333333332	0.020833333333333332
Chart/Chart_7	[11, 32, 33, 34, 35, 36, 37]	0.1188174256727994	0.08333333333333333
Chart/Chart_8	[3]	0.25	0.25
Chart/Chart_9	[0, 1]	1.0	1.0
Chart/Chart_10	[0]	1.0	1.0
Chart/Chart_11	[1, 5, 6]	0.42063492063492064	0.5
Chart/Chart_12	[11]	0.08333333333333333	0.08333333333333333
Chart/Chart_13	[12]	0.07692307692307693	0.07692307692307693
Chart/Chart_14	[193, 194, 195, 196]	0.01275543510214159	0.005154639175257732
Chart/Chart_16	[24, 25]	0.05846153846153847	0.04
Chart/Chart_17	[0]	1.0	1.0
Chart/Chart_18	[0, 2, 3, 39, 40, 41]	0.46357917150600075	1.0
Chart/Chart_19	[4, 5]	0.26666666666666666	0.2
Chart/Chart_20	[0, 1, 2]	1.0	1.0
Chart/Chart_21	[1]	0.5	0.5
Chart/Chart_22	[6, 7, 8, 9, 10, 11, 12, 13, 14, 15, 16, 56, 57]	0.42287300853687765	0.14285714285714285
Chart/Chart_24	[0, 1, 2, 3]	1.0	1.0
Chart/Chart_25	[1664, 1669, 1670, 1671, 1710, 1836, 1837, 1838, 1839, 1840]	0.0030656157269691913	6.006006006006006E-4
Chart/Chart_26	[361]	0.0027624309392265192	0.0027624309392265192
MAP	0.43592633676827663
MRR	0.46077398617804505
TOP-n	9	11	11	12	13	13	14	15	15	15	15	17	18	18	18	18	18	18	18	18	