Chart/Chart_1	[6]	0.14285714285714285	0.14285714285714285
Chart/Chart_2	[15, 16, 17, 18, 20, 25, 26, 27, 28, 32, 33, 34, 35, 40]	0.2538224475786643	0.0625
Chart/Chart_3	[3]	0.25	0.25
Chart/Chart_4	[232]	0.004291845493562232	0.004291845493562232
Chart/Chart_5	[2, 3, 4, 5]	0.5249999999999999	0.3333333333333333
Chart/Chart_6	[45]	0.021739130434782608	0.021739130434782608
Chart/Chart_7	[11, 30, 31, 32, 33, 34, 35]	0.12510620328287717	0.08333333333333333
Chart/Chart_8	[3]	0.25	0.25
Chart/Chart_9	[1, 2]	0.5833333333333333	0.5
Chart/Chart_10	[0]	1.0	1.0
Chart/Chart_11	[2, 3, 4]	0.4777777777777777	0.3333333333333333
Chart/Chart_12	[11]	0.08333333333333333	0.08333333333333333
Chart/Chart_13	[13]	0.07142857142857142	0.07142857142857142
Chart/Chart_14	[193, 194, 195, 196]	0.01275543510214159	0.005154639175257732
Chart/Chart_16	[26, 27]	0.05423280423280423	0.037037037037037035
Chart/Chart_17	[0]	1.0	1.0
Chart/Chart_18	[1, 2, 3, 44, 45, 46]	0.3736517970329256	0.5
Chart/Chart_19	[2, 3]	0.41666666666666663	0.3333333333333333
Chart/Chart_20	[0, 1, 2]	1.0	1.0
Chart/Chart_21	[1]	0.5	0.5
Chart/Chart_22	[5, 6, 7, 8, 9, 10, 11, 12, 13, 14, 15, 65, 66]	0.4529899794681655	0.16666666666666666
Chart/Chart_24	[0, 1, 2, 3]	1.0	1.0
Chart/Chart_25	[1698, 1699, 1700, 1701, 1702, 1836, 1837, 1838, 1839, 1840]	0.0030562899667637756	5.885815185403178E-4
Chart/Chart_26	[220]	0.004524886877828055	0.004524886877828055
MAP	0.35860698520280593
MRR	0.3201439653398357
TOP-n	4	7	10	12	12	13	14	14	14	14	14	16	16	17	17	18	18	18	18	18	