Chart/Chart_1	[8]	0.1111111111111111	0.1111111111111111
Chart/Chart_2	[0, 1, 2, 4, 5, 6, 7, 8, 9, 11, 13, 14, 15, 19]	0.8632794784580499	1.0
Chart/Chart_3	[0]	1.0	1.0
Chart/Chart_4	[13]	0.07142857142857142	0.07142857142857142
Chart/Chart_5	[1, 2, 3, 5]	0.6458333333333333	0.5
Chart/Chart_6	[54]	0.01818181818181818	0.01818181818181818
Chart/Chart_7	[11, 32, 33, 34, 35, 36, 37]	0.1188174256727994	0.08333333333333333
Chart/Chart_8	[3]	0.25	0.25
Chart/Chart_9	[3, 4]	0.325	0.25
Chart/Chart_10	[0]	1.0	1.0
Chart/Chart_11	[1, 5, 6]	0.42063492063492064	0.5
Chart/Chart_12	[12]	0.07692307692307693	0.07692307692307693
Chart/Chart_13	[16]	0.058823529411764705	0.058823529411764705
Chart/Chart_14	[154, 155, 156, 157]	0.015924215418679555	0.0064516129032258064
Chart/Chart_16	[2, 3]	0.41666666666666663	0.3333333333333333
Chart/Chart_17	[0]	1.0	1.0
Chart/Chart_18	[0, 2, 3, 14, 15, 16]	0.5581290849673203	1.0
Chart/Chart_19	[7, 8]	0.1736111111111111	0.125
Chart/Chart_20	[0, 1, 2]	1.0	1.0
Chart/Chart_21	[1]	0.5	0.5
Chart/Chart_22	[11, 12, 33, 34, 35, 36, 37, 38, 39, 40, 41, 42, 43]	0.18734013783872708	0.08333333333333333
Chart/Chart_24	[0, 1, 2, 3]	1.0	1.0
Chart/Chart_25	[1665, 1670, 1671, 1672, 1711, 1821, 1822, 1823, 1824, 1825]	0.003082969384152655	6.002400960384153E-4
Chart/Chart_26	[421]	0.002369668246445498	0.002369668246445498
MAP	0.4090482132828561
MRR	0.4154537345125855
TOP-n	7	10	11	13	13	13	13	14	15	15	15	17	18	19	19	19	20	20	20	20	