Chart/Chart_1	[22]	0.043478260869565216	0.043478260869565216
Chart/Chart_2	[0, 1, 2, 4, 5, 6, 7, 8, 9, 11, 13, 14, 15, 81]	0.8254746004092695	1.0
Chart/Chart_3	[1]	0.5	0.5
Chart/Chart_4	[12]	0.07692307692307693	0.07692307692307693
Chart/Chart_5	[1, 3, 4, 5]	0.5666666666666667	0.5
Chart/Chart_6	[55]	0.017857142857142856	0.017857142857142856
Chart/Chart_7	[11, 32, 33, 34, 35, 36, 37]	0.1188174256727994	0.08333333333333333
Chart/Chart_8	[3]	0.25	0.25
Chart/Chart_9	[4, 5]	0.26666666666666666	0.2
Chart/Chart_10	[0]	1.0	1.0
Chart/Chart_11	[1, 5, 6]	0.42063492063492064	0.5
Chart/Chart_12	[13]	0.07142857142857142	0.07142857142857142
Chart/Chart_13	[19]	0.05	0.05
Chart/Chart_14	[32, 33, 34, 35]	0.07148798913504796	0.030303030303030304
Chart/Chart_16	[1, 2]	0.5833333333333333	0.5
Chart/Chart_17	[3]	0.25	0.25
Chart/Chart_18	[1, 2, 3, 6, 8, 9]	0.6072751322751323	0.5
Chart/Chart_19	[11, 12]	0.11858974358974358	0.08333333333333333
Chart/Chart_20	[4, 5, 6]	0.3206349206349206	0.2
Chart/Chart_21	[8]	0.1111111111111111	0.1111111111111111
Chart/Chart_22	[11, 12, 37, 38, 39, 40, 41, 42, 43, 44, 45, 46, 47]	0.1719073995148953	0.08333333333333333
Chart/Chart_24	[0, 1, 2, 3]	1.0	1.0
Chart/Chart_25	[107, 108, 109, 110, 111, 1817, 1822, 1823, 1824, 1863]	0.01573819366908099	0.009259259259259259
Chart/Chart_26	[901]	0.0011086474501108647	0.0011086474501108647
MAP	0.31079724178508555
MRR	0.2942278791750778
TOP-n	3	8	8	10	12	12	12	12	13	13	13	16	17	18	18	18	18	18	18	19	