Closure/Closure_1	[1183]	8.445945945945946E-4	8.445945945945946E-4
Closure/Closure_2	[367, 368]	0.004068722752444916	0.002717391304347826
Closure/Closure_3	[344, 814]	0.0026762692273495153	0.002898550724637681
Closure/Closure_5	[486]	0.002053388090349076	0.002053388090349076
Closure/Closure_6	[366, 375, 518, 521]	0.005371781661587145	0.0027247956403269754
Closure/Closure_7	[0, 3, 262]	0.5038022813688213	1.0
Closure/Closure_8	[0, 5, 6]	0.5873015873015873	1.0
Closure/Closure_9	[6]	0.14285714285714285	0.14285714285714285
Closure/Closure_10	[280, 281]	0.0053254587213851234	0.0035587188612099642
Closure/Closure_11	[708, 830]	0.001908588052187875	0.0014104372355430183
Closure/Closure_13	[3259]	3.0674846625766873E-4	3.0674846625766873E-4
Closure/Closure_14	[325, 493, 626]	0.003966918884581138	0.003067484662576687
Closure/Closure_16	[21, 469, 501, 536, 615, 616, 617]	0.013186138144101675	0.045454545454545456
Closure/Closure_17	[332]	0.003003003003003003	0.003003003003003003
Closure/Closure_18	[1032]	9.68054211035818E-4	9.68054211035818E-4
Closure/Closure_20	[255]	0.00390625	0.00390625
Closure/Closure_21	[9, 16, 255, 266, 300, 303]	0.04678253666968257	0.1
Closure/Closure_22	[7, 242, 269, 298, 299, 302]	0.032364689512016556	0.125
Closure/Closure_23	[0, 121, 122, 123]	0.2682604377603797	1.0
Closure/Closure_24	[260, 261]	0.005732502705390307	0.0038314176245210726
Closure/Closure_25	[11, 289, 353, 421, 422]	0.02400069305674137	0.08333333333333333
Closure/Closure_26	[815]	0.0012254901960784314	0.0012254901960784314
Closure/Closure_27	[8, 9, 10]	0.1946127946127946	0.1111111111111111
Closure/Closure_29	[30, 3522, 3628]	0.01121747883856044	0.03225806451612903
Closure/Closure_30	[512]	0.001949317738791423	0.001949317738791423
Closure/Closure_31	[807, 813]	0.0018473131096893472	0.0012376237623762376
Closure/Closure_32	[2, 6, 9, 10]	0.32067099567099566	0.3333333333333333
Closure/Closure_34	[20, 21, 22, 24, 26, 27, 28, 29, 33]	0.17790951999690766	0.047619047619047616
Closure/Closure_35	[1, 337, 429]	0.17096463464978673	0.5
Closure/Closure_36	[820, 1518]	0.0012673412455627019	0.001218026796589525
Closure/Closure_37	[570, 777]	0.002161003786258717	0.0017513134851138354
Closure/Closure_38	[191, 223, 224]	0.009156746031746031	0.005208333333333333
Closure/Closure_39	[1]	0.5	0.5
Closure/Closure_40	[12, 19, 24, 685, 711]	0.06195529052465535	0.07692307692307693
Closure/Closure_41	[440, 449, 450, 465, 714]	0.005788120164277243	0.0022675736961451248
Closure/Closure_42	[92, 93]	0.01601464195836193	0.010752688172043012
Closure/Closure_43	[575, 606, 764, 848]	0.0034159994651667934	0.001736111111111111
Closure/Closure_44	[244]	0.004081632653061225	0.004081632653061225
Closure/Closure_45	[11, 296, 306, 321]	0.028065421821617826	0.08333333333333333
Closure/Closure_46	[6, 9, 13, 19, 74]	0.16476190476190475	0.14285714285714285
Closure/Closure_47	[761]	0.0013123359580052493	0.0013123359580052493
Closure/Closure_48	[3, 295, 387, 508, 559]	0.056255166623434716	0.25
Closure/Closure_49	[460, 1164, 1188, 1242, 1249, 1373]	0.0029989829030268116	0.0021691973969631237
Closure/Closure_50	[14, 22]	0.07681159420289854	0.06666666666666667
Closure/Closure_51	[218]	0.0045662100456621	0.0045662100456621
Closure/Closure_52	[2, 186]	0.17201426024955435	0.3333333333333333
Closure/Closure_53	[7, 20]	0.11011904761904762	0.125
Closure/Closure_54	[14, 19, 76, 2846, 2952, 2959]	0.03512548562062871	0.06666666666666667
Closure/Closure_55	[448]	0.0022271714922048997	0.0022271714922048997
Closure/Closure_56	[8, 9]	0.15555555555555556	0.1111111111111111
Closure/Closure_57	[187]	0.005319148936170213	0.005319148936170213
Closure/Closure_58	[1, 2]	0.5833333333333333	0.5
Closure/Closure_59	[3291]	3.0376670716889426E-4	3.0376670716889426E-4
Closure/Closure_60	[119]	0.008333333333333333	0.008333333333333333
Closure/Closure_61	[0]	1.0	1.0
Closure/Closure_62	[0, 1, 2, 6, 7, 19]	0.7494047619047618	1.0
Closure/Closure_65	[0]	1.0	1.0
Closure/Closure_66	[500]	0.001996007984031936	0.001996007984031936
Closure/Closure_67	[424, 502]	0.0031645421588118346	0.002352941176470588
Closure/Closure_68	[0, 113]	0.5087719298245614	1.0
Closure/Closure_69	[331, 406, 456, 505, 548]	0.006300642198575598	0.0030120481927710845
Closure/Closure_70	[477, 519, 682]	0.003443530195124503	0.0020920502092050207
Closure/Closure_71	[17, 47, 48, 329]	0.042641981034838176	0.05555555555555555
Closure/Closure_72	[496, 497, 498]	0.004013386913243984	0.002012072434607646
Closure/Closure_73	[208]	0.004784688995215311	0.004784688995215311
Closure/Closure_74	[5, 7, 10, 291]	0.1757731423827314	0.16666666666666666
Closure/Closure_75	[299]	0.0033333333333333335	0.0033333333333333335
Closure/Closure_76	[283, 284, 285, 286, 293, 294, 320, 324]	0.014841685913695397	0.0035211267605633804
Closure/Closure_77	[0]	1.0	1.0
Closure/Closure_78	[244]	0.004081632653061225	0.004081632653061225
Closure/Closure_79	[288]	0.0034602076124567475	0.0034602076124567475
Closure/Closure_81	[135, 138, 145]	0.014096458530194379	0.007352941176470588
Closure/Closure_84	[156]	0.006369426751592357	0.006369426751592357
Closure/Closure_85	[2, 324, 332, 344, 384, 442]	0.06443690374007384	0.3333333333333333
Closure/Closure_87	[320, 326]	0.004615736374289062	0.003115264797507788
Closure/Closure_88	[609, 613, 617]	0.0032503473948539766	0.001639344262295082
Closure/Closure_89	[340, 347, 383]	0.005497392585476568	0.002932551319648094
Closure/Closure_90	[184, 185, 1277]	0.006168503805941334	0.005405405405405406
Closure/Closure_91	[291]	0.003424657534246575	0.003424657534246575
Closure/Closure_92	[0, 254]	0.503921568627451	1.0
Closure/Closure_94	[201, 205]	0.00732961645679131	0.0049504950495049506
Closure/Closure_95	[473, 640, 666, 733]	0.0037942929628585354	0.002109704641350211
Closure/Closure_96	[325, 326, 327]	0.006110011359020552	0.003067484662576687
Closure/Closure_97	[200, 201, 202]	0.009884813200090688	0.004975124378109453
Closure/Closure_98	[1087, 1088]	0.0013778324690757846	9.191176470588235E-4
Closure/Closure_99	[22, 445]	0.02398128290115032	0.043478260869565216
Closure/Closure_100	[279, 382]	0.004396680343155539	0.0035714285714285713
Closure/Closure_103	[4, 11, 685]	0.12367994816974409	0.2
Closure/Closure_104	[61]	0.016129032258064516	0.016129032258064516
Closure/Closure_105	[324]	0.003076923076923077	0.003076923076923077
Closure/Closure_106	[163, 279]	0.00662020905923345	0.006097560975609756
Closure/Closure_107	[656]	0.0015220700152207	0.0015220700152207
Closure/Closure_108	[11, 19, 297, 322, 402, 445]	0.03860736850751847	0.08333333333333333
Closure/Closure_109	[86]	0.011494252873563218	0.011494252873563218
Closure/Closure_110	[0, 1, 2, 3]	1.0	1.0
Closure/Closure_112	[8, 475, 476, 1319]	0.03115810074744592	0.1111111111111111
Closure/Closure_113	[5, 10]	0.17424242424242425	0.16666666666666666
Closure/Closure_114	[427, 454]	0.0033660264968676185	0.002336448598130841
Closure/Closure_115	[7, 14, 21, 38, 589]	0.10114712970645172	0.125
Closure/Closure_116	[18, 360, 470]	0.021513723967982307	0.05263157894736842
Closure/Closure_117	[3]	0.25	0.25
Closure/Closure_118	[54]	0.01818181818181818	0.01818181818181818
Closure/Closure_120	[411]	0.0024271844660194173	0.0024271844660194173
Closure/Closure_121	[308, 453, 491, 505]	0.005411057903458899	0.003236245954692557
Closure/Closure_122	[147]	0.006756756756756757	0.006756756756756757
Closure/Closure_123	[1, 3]	0.5	0.5
Closure/Closure_124	[10]	0.09090909090909091	0.09090909090909091
Closure/Closure_125	[405]	0.0024630541871921183	0.0024630541871921183
Closure/Closure_126	[0, 1, 317, 353, 354, 447]	0.3413684602462517	1.0
Closure/Closure_127	[385, 386, 522]	0.004498256632921433	0.0025906735751295338
Closure/Closure_128	[3, 6]	0.26785714285714285	0.25
Closure/Closure_129	[1947]	5.13347022587269E-4	5.13347022587269E-4
Closure/Closure_130	[491]	0.0020325203252032522	0.0020325203252032522
Closure/Closure_131	[11, 264, 323]	0.03337992080130445	0.08333333333333333
Closure/Closure_132	[2, 3, 4, 21]	0.40378787878787875	0.3333333333333333
Closure/Closure_133	[158]	0.006289308176100629	0.006289308176100629
MAP	0.11390628302898922
MRR	0.1540929873655155
TOP-n	11	15	19	22	23	25	27	30	33	34	35	39	40	40	42	42	42	43	44	44	