Closure/Closure_1	[92]	0.010752688172043012	0.010752688172043012
Closure/Closure_2	[21, 22]	0.06620553359683795	0.045454545454545456
Closure/Closure_3	[83, 446]	0.008189517417705336	0.011904761904761904
Closure/Closure_5	[201]	0.0049504950495049506	0.0049504950495049506
Closure/Closure_6	[177, 178, 182, 197]	0.013346656177650705	0.0056179775280898875
Closure/Closure_7	[0, 1, 13]	0.7380952380952381	1.0
Closure/Closure_8	[2, 3, 4]	0.4777777777777777	0.3333333333333333
Closure/Closure_9	[5]	0.16666666666666666	0.16666666666666666
Closure/Closure_10	[53, 54]	0.02744107744107744	0.018518518518518517
Closure/Closure_11	[409, 442]	0.003476848538237075	0.0024390243902439024
Closure/Closure_13	[2697]	3.7064492216456633E-4	3.7064492216456633E-4
Closure/Closure_14	[11, 270, 306]	0.033495131368251795	0.08333333333333333
Closure/Closure_16	[111, 117, 118, 124, 125, 126, 131]	0.03186353502936992	0.008928571428571428
Closure/Closure_17	[186]	0.0053475935828877	0.0053475935828877
Closure/Closure_18	[848]	0.001177856301531213	0.001177856301531213
Closure/Closure_20	[13]	0.07142857142857142	0.07142857142857142
Closure/Closure_21	[0, 1, 5, 49, 52, 54]	0.46390508862206975	1.0
Closure/Closure_22	[0, 4, 47, 51, 52, 54]	0.29047560144258255	1.0
Closure/Closure_23	[0, 1139, 1140, 1141]	0.2519715713757657	1.0
Closure/Closure_24	[25, 26]	0.05626780626780627	0.038461538461538464
Closure/Closure_25	[71, 82, 87, 91, 92]	0.03386357705034938	0.013888888888888888
Closure/Closure_26	[83]	0.011904761904761904	0.011904761904761904
Closure/Closure_27	[1, 2, 3]	0.6388888888888888	0.5
Closure/Closure_29	[90, 103, 180]	0.015598121951713112	0.01098901098901099
Closure/Closure_30	[183]	0.005434782608695652	0.005434782608695652
Closure/Closure_31	[752, 777]	0.0019493576678717862	0.0013280212483399733
Closure/Closure_32	[1, 4, 7, 8]	0.4298611111111111	0.5
Closure/Closure_34	[2, 3, 62, 65, 67, 68, 69, 70, 71]	0.1599689368222562	0.3333333333333333
Closure/Closure_35	[0, 239, 286]	0.33959543166860234	1.0
Closure/Closure_36	[526, 624]	0.0025487666034155598	0.0018975332068311196
Closure/Closure_37	[461, 530]	0.0029654902536258468	0.0021645021645021645
Closure/Closure_38	[29, 30, 31]	0.06386648745519713	0.03333333333333333
Closure/Closure_39	[1]	0.5	0.5
Closure/Closure_40	[28, 47, 97, 227, 317]	0.02800576005493798	0.034482758620689655
Closure/Closure_41	[228, 230, 231, 300, 1103]	0.008754775483987677	0.004366812227074236
Closure/Closure_42	[4, 5]	0.26666666666666666	0.2
Closure/Closure_43	[301, 415, 467, 502]	0.005620373319600144	0.0033112582781456954
Closure/Closure_44	[91]	0.010869565217391304	0.010869565217391304
Closure/Closure_45	[35, 42, 63, 171]	0.03610505490956072	0.027777777777777776
Closure/Closure_46	[5, 7, 8, 9, 18]	0.2826315789473684	0.16666666666666666
Closure/Closure_47	[206]	0.004830917874396135	0.004830917874396135
Closure/Closure_48	[34, 119, 227, 233, 337]	0.018056581295447693	0.02857142857142857
Closure/Closure_49	[865, 951, 978, 979, 996, 1007]	0.0035614974778377367	0.0011547344110854503
Closure/Closure_50	[28, 71]	0.031130268199233715	0.034482758620689655
Closure/Closure_51	[27]	0.03571428571428571	0.03571428571428571
Closure/Closure_52	[0, 11]	0.5833333333333334	1.0
Closure/Closure_53	[5, 11]	0.16666666666666666	0.16666666666666666
Closure/Closure_54	[98, 174, 299, 2540, 2650, 2660]	0.006207439512999049	0.010101010101010102
Closure/Closure_55	[139]	0.007142857142857143	0.007142857142857143
Closure/Closure_56	[6, 7]	0.19642857142857142	0.14285714285714285
Closure/Closure_57	[5]	0.16666666666666666	0.16666666666666666
Closure/Closure_58	[1078, 1094]	0.00137663403878951	9.267840593141798E-4
Closure/Closure_59	[1455]	6.868131868131869E-4	6.868131868131869E-4
Closure/Closure_60	[100]	0.009900990099009901	0.009900990099009901
Closure/Closure_61	[54]	0.01818181818181818	0.01818181818181818
Closure/Closure_62	[0, 1, 2, 5, 6, 8]	0.8412698412698413	1.0
Closure/Closure_65	[0]	1.0	1.0
Closure/Closure_66	[491]	0.0020325203252032522	0.0020325203252032522
Closure/Closure_67	[105, 179]	0.010272536687631027	0.009433962264150943
Closure/Closure_68	[10, 42]	0.06871035940803383	0.09090909090909091
Closure/Closure_69	[134, 177, 180, 190, 194]	0.016360276423387058	0.007407407407407408
Closure/Closure_70	[251, 262, 308]	0.00709385152332474	0.003968253968253968
Closure/Closure_71	[9, 14, 18, 22]	0.14128527841342486	0.1
Closure/Closure_72	[100, 101, 102]	0.019545015609499273	0.009900990099009901
Closure/Closure_73	[9]	0.1	0.1
Closure/Closure_74	[3, 14, 24, 25]	0.1642948717948718	0.25
Closure/Closure_75	[18]	0.05263157894736842	0.05263157894736842
Closure/Closure_76	[23, 24, 26, 28, 29, 30, 31, 43]	0.14143650598026988	0.041666666666666664
Closure/Closure_77	[5]	0.16666666666666666	0.16666666666666666
Closure/Closure_78	[27]	0.03571428571428571	0.03571428571428571
Closure/Closure_79	[41]	0.023809523809523808	0.023809523809523808
Closure/Closure_81	[13, 16, 20]	0.11064425770308123	0.07142857142857142
Closure/Closure_84	[23]	0.041666666666666664	0.041666666666666664
Closure/Closure_85	[26, 39, 46, 49, 132, 173]	0.050490594642362545	0.037037037037037035
Closure/Closure_87	[62, 72]	0.021635138073494237	0.015873015873015872
Closure/Closure_88	[7, 8, 9]	0.2157407407407407	0.125
Closure/Closure_89	[33, 48, 116]	0.031956372292506745	0.029411764705882353
Closure/Closure_90	[11, 12, 1057]	0.08000500864395003	0.08333333333333333
Closure/Closure_91	[54]	0.01818181818181818	0.01818181818181818
Closure/Closure_92	[33, 181]	0.020200387847446672	0.029411764705882353
Closure/Closure_94	[9, 10]	0.14090909090909093	0.1
Closure/Closure_95	[989, 1251, 1392, 2040]	0.0016802484961589022	0.00101010101010101
Closure/Closure_96	[241, 242, 243]	0.00821925534902297	0.004132231404958678
Closure/Closure_97	[18, 19, 20]	0.09849624060150375	0.05263157894736842
Closure/Closure_98	[810, 811]	0.0018480499049400789	0.0012330456226880395
Closure/Closure_99	[86, 109]	0.0148380355276907	0.011494252873563218
Closure/Closure_100	[99, 160]	0.011211180124223601	0.01
Closure/Closure_103	[50, 120, 216]	0.016653884516572116	0.0196078431372549
Closure/Closure_104	[9]	0.1	0.1
Closure/Closure_105	[99]	0.01	0.01
Closure/Closure_106	[6, 111]	0.08035714285714285	0.14285714285714285
Closure/Closure_107	[217]	0.0045871559633027525	0.0045871559633027525
Closure/Closure_108	[3, 7, 101, 109, 140, 161]	0.10637890516905953	0.25
Closure/Closure_109	[7]	0.125	0.125
Closure/Closure_110	[0, 1, 2, 3]	1.0	1.0
Closure/Closure_112	[58, 59, 95, 798]	0.021634685924496015	0.01694915254237288
Closure/Closure_113	[5, 8]	0.19444444444444442	0.16666666666666666
Closure/Closure_114	[116, 121]	0.012470225584979684	0.008547008547008548
Closure/Closure_115	[52, 89, 95, 111, 164]	0.027671492553568024	0.018867924528301886
Closure/Closure_116	[15, 35, 90]	0.05034086284086284	0.0625
Closure/Closure_117	[4]	0.2	0.2
Closure/Closure_118	[5]	0.16666666666666666	0.16666666666666666
Closure/Closure_120	[120]	0.008264462809917356	0.008264462809917356
Closure/Closure_121	[54, 210, 217, 227]	0.014741454676657809	0.01818181818181818
Closure/Closure_122	[0]	1.0	1.0
Closure/Closure_123	[132, 139]	0.010902255639097743	0.007518796992481203
Closure/Closure_124	[1]	0.5	0.5
Closure/Closure_125	[100]	0.009900990099009901	0.009900990099009901
Closure/Closure_126	[4, 5, 118, 154, 155, 188]	0.10802453046286063	0.2
Closure/Closure_127	[74, 75, 229]	0.01756420035596237	0.013333333333333334
Closure/Closure_128	[2, 3]	0.41666666666666663	0.3333333333333333
Closure/Closure_129	[1995]	5.01002004008016E-4	5.01002004008016E-4
Closure/Closure_130	[179]	0.005555555555555556	0.005555555555555556
Closure/Closure_131	[64, 80, 90]	0.024347668792113236	0.015384615384615385
Closure/Closure_132	[0, 1, 2, 89]	0.7611111111111111	1.0
Closure/Closure_133	[71]	0.013888888888888888	0.013888888888888888
MAP	0.13348888948740895
MRR	0.16157257316513035
TOP-n	4.416666666666667	8.166666666666666	10.111111111111112	12.055555555555557	14.472222222222221	20.672222222222217	21.838888888888885	24.288888888888884	25.738888888888887	29.022222222222215	30.022222222222215	31.68888888888888	32.02222222222221	33.68888888888888	34.18888888888887	34.522222222222204	34.85555555555554	34.85555555555554	36.63888888888887	36.9722222222222	