Math/Math_1	[11, 12, 16, 30, 31, 44]	0.13871094446877177	0.08333333333333333
Math/Math_3	[3, 4, 8]	0.3277777777777778	0.25
Math/Math_4	[31, 32]	0.045928030303030304	0.03125
Math/Math_5	[1]	0.5	0.5
Math/Math_6	[392, 469, 496, 546, 637, 686, 927, 928, 929, 936, 951, 1020, 1029, 1030, 1031, 1134, 1336, 1535, 1567, 1591, 1592]	0.010174296148381157	0.002544529262086514
Math/Math_7	[13, 48, 49, 74, 93, 122, 123, 158, 188, 190, 193, 195, 196, 198, 523]	0.05447896245096776	0.07142857142857142
Math/Math_8	[1, 22]	0.2934782608695652	0.5
Math/Math_9	[1, 2]	0.5833333333333333	0.5
Math/Math_10	[16, 17, 21, 22, 23]	0.13770893073962126	0.058823529411764705
Math/Math_11	[59, 60, 61]	0.03261354956225395	0.016666666666666666
Math/Math_13	[88]	0.011235955056179775	0.011235955056179775
Math/Math_14	[59, 66]	0.02325870646766169	0.016666666666666666
Math/Math_15	[12]	0.07692307692307693	0.07692307692307693
Math/Math_16	[0, 253]	0.5039370078740157	1.0
Math/Math_17	[11]	0.08333333333333333	0.08333333333333333
Math/Math_18	[10, 11, 12, 13, 20, 21, 39, 43]	0.20521249583749585	0.09090909090909091
Math/Math_19	[35, 48, 95, 175]	0.03064284425891569	0.027777777777777776
Math/Math_20	[382]	0.0026109660574412533	0.0026109660574412533
Math/Math_21	[0, 17, 20, 21, 22, 23, 24, 26, 28, 29, 31, 32, 33, 35, 36, 37, 38, 39, 42]	0.3555787541605205	1.0
Math/Math_23	[103, 106, 145]	0.01628497286863693	0.009615384615384616
Math/Math_24	[116, 146, 150]	0.01400666679758449	0.008547008547008548
Math/Math_25	[0]	1.0	1.0
Math/Math_26	[7, 10, 15, 18]	0.1762111244019139	0.125
Math/Math_28	[16]	0.058823529411764705	0.058823529411764705
Math/Math_29	[19, 22, 110, 111, 112, 113]	0.04942953350640517	0.05
Math/Math_30	[37, 38]	0.038798920377867745	0.02631578947368421
Math/Math_31	[118, 122, 123, 124, 125, 126, 127, 128, 132, 139, 142, 145]	0.04855827604048793	0.008403361344537815
Math/Math_32	[21]	0.045454545454545456	0.045454545454545456
Math/Math_33	[25, 27]	0.054945054945054944	0.038461538461538464
Math/Math_34	[2]	0.3333333333333333	0.3333333333333333
Math/Math_35	[2, 6]	0.30952380952380953	0.3333333333333333
Math/Math_36	[0, 1, 8, 9]	0.6833333333333333	1.0
Math/Math_37	[0, 4]	0.7	1.0
Math/Math_38	[2, 6, 7, 19, 21, 22, 23, 24, 28, 29, 32]	0.29735164295066163	0.3333333333333333
Math/Math_39	[22, 25, 56]	0.057677638913336854	0.043478260869565216
Math/Math_40	[15, 28, 32, 82, 84]	0.06587818172931445	0.0625
Math/Math_41	[2, 3, 19, 34, 35]	0.24730158730158727	0.3333333333333333
Math/Math_42	[25, 77, 100]	0.031268511466531264	0.038461538461538464
Math/Math_43	[52]	0.018867924528301886	0.018867924528301886
Math/Math_44	[3, 39, 94, 197, 198, 204, 259]	0.061871137902449795	0.25
Math/Math_45	[0, 1]	1.0	1.0
Math/Math_46	[1]	0.5	0.5
Math/Math_47	[4, 5, 45, 46]	0.17091427690410113	0.2
Math/Math_48	[186, 189]	0.007936954686180692	0.0053475935828877
Math/Math_49	[4, 6, 7]	0.28690476190476194	0.2
Math/Math_50	[13, 14, 15, 16, 17, 18]	0.20352054564515865	0.07142857142857142
Math/Math_51	[24, 25, 168, 169, 170, 172]	0.03702096916407508	0.04
Math/Math_52	[16, 17, 23]	0.09831154684095861	0.058823529411764705
Math/Math_53	[0, 1]	1.0	1.0
Math/Math_54	[4]	0.2	0.2
Math/Math_55	[0, 1, 2]	1.0	1.0
Math/Math_56	[0, 2, 7, 8, 9, 12]	0.5746082621082621	1.0
Math/Math_57	[7]	0.125	0.125
Math/Math_58	[432]	0.0023094688221709007	0.0023094688221709007
Math/Math_59	[6, 8]	0.18253968253968253	0.14285714285714285
Math/Math_60	[20, 21, 22]	0.08965430704561139	0.047619047619047616
Math/Math_61	[4]	0.2	0.2
Math/Math_62	[19, 22, 25, 26, 28, 104, 105, 106, 107, 108, 109, 110]	0.0961695489345783	0.05
Math/Math_63	[0, 1]	1.0	1.0
Math/Math_64	[46, 73, 74, 80, 81, 88, 93, 106, 109, 118, 120, 121, 130, 131]	0.06969506488236948	0.02127659574468085
Math/Math_65	[19, 20, 21, 22, 97, 98, 99, 102]	0.08935139334524247	0.05
Math/Math_66	[25, 26, 27, 28, 29, 85, 111, 112, 115, 120, 123, 124, 138]	0.08967736654896512	0.038461538461538464
Math/Math_67	[0]	1.0	1.0
Math/Math_68	[85]	0.011627906976744186	0.011627906976744186
Math/Math_69	[0, 3, 4, 6, 29]	0.5676190476190477	1.0
Math/Math_70	[0, 1]	1.0	1.0
Math/Math_71	[40, 45, 54, 61, 68, 89, 95, 162, 163, 183, 200]	0.05563719885698795	0.024390243902439025
Math/Math_72	[0, 3, 5]	0.6666666666666666	1.0
Math/Math_73	[1, 2, 6, 7]	0.5238095238095237	0.5
Math/Math_74	[584, 606, 628, 630]	0.004028228549655874	0.0017094017094017094
Math/Math_75	[0]	1.0	1.0
Math/Math_76	[23, 27, 29, 38, 46, 56, 186, 300, 303, 304, 309]	0.06265388407444862	0.041666666666666664
Math/Math_77	[9, 10, 11, 12, 13]	0.23933066933066932	0.1
Math/Math_78	[5, 7, 21, 30, 31]	0.16766251221896383	0.16666666666666666
Math/Math_79	[27, 28, 31]	0.06614326765188834	0.03571428571428571
Math/Math_80	[2, 39]	0.19166666666666665	0.3333333333333333
Math/Math_81	[102, 151, 184, 194]	0.014898917332489124	0.009708737864077669
Math/Math_82	[54, 109]	0.01818181818181818	0.01818181818181818
Math/Math_83	[2, 9, 69, 103]	0.15366300366300364	0.3333333333333333
Math/Math_84	[44, 69]	0.025396825396825397	0.022222222222222223
Math/Math_85	[25, 26]	0.05626780626780627	0.038461538461538464
Math/Math_86	[47, 53, 65]	0.03444163860830527	0.020833333333333332
Math/Math_87	[72, 82, 95, 96]	0.027570532270304204	0.0136986301369863
Math/Math_88	[3, 7, 8, 9]	0.30833333333333335	0.25
Math/Math_89	[0]	1.0	1.0
Math/Math_90	[0]	1.0	1.0
Math/Math_91	[0, 1, 2]	1.0	1.0
Math/Math_92	[2, 3, 6, 7, 10, 13, 14]	0.4445269016697588	0.3333333333333333
Math/Math_93	[0, 1, 6, 7]	0.7321428571428571	1.0
Math/Math_94	[0, 1]	1.0	1.0
Math/Math_95	[29]	0.03333333333333333	0.03333333333333333
Math/Math_96	[1, 2, 4]	0.5888888888888889	0.5
Math/Math_97	[0, 1, 2, 3, 9, 10, 14]	0.7874458874458874	1.0
Math/Math_98	[0, 8, 9, 12]	0.4574786324786325	1.0
Math/Math_99	[2, 6, 7, 8, 9]	0.3876984126984127	0.3333333333333333
Math/Math_100	[5, 6]	0.22619047619047616	0.16666666666666666
Math/Math_101	[1, 2, 21]	0.43434343434343425	0.5
Math/Math_102	[3, 4, 5, 6, 7]	0.4692857142857143	0.25
Math/Math_103	[22, 23]	0.06340579710144928	0.043478260869565216
Math/Math_105	[4]	0.2	0.2
Math/Math_106	[1, 2, 3, 4, 6, 8, 9]	0.6853741496598641	0.5
MAP	0.3015364854702499
MRR	0.3284711113395454
TOP-n	22	30	38	42	47	49	50	52	52	53	54	56	57	59	59	60	63	63	63	66	
