Math/Math_1	[12, 13, 14, 28, 31, 44]	0.14121576459938529	0.07692307692307693
Math/Math_3	[3, 4, 8]	0.3277777777777778	0.25
Math/Math_4	[31, 32]	0.045928030303030304	0.03125
Math/Math_5	[1]	0.5	0.5
Math/Math_6	[363, 467, 533, 554, 642, 689, 924, 925, 926, 932, 957, 1065, 1072, 1073, 1074, 1092, 1269, 1492, 1563, 1591, 1592]	0.010131886687176645	0.0027472527472527475
Math/Math_7	[6, 27, 51, 52, 58, 79, 102, 119, 177, 189, 190, 193, 194, 197, 523]	0.06869757839536228	0.14285714285714285
Math/Math_8	[1, 3]	0.5	0.5
Math/Math_9	[1, 2]	0.5833333333333333	0.5
Math/Math_10	[18, 19, 24, 25, 26]	0.12233258359574148	0.05263157894736842
Math/Math_11	[63, 64, 65]	0.030616258741258742	0.015625
Math/Math_13	[88]	0.011235955056179775	0.011235955056179775
Math/Math_14	[53, 66]	0.02418463239358762	0.018518518518518517
Math/Math_15	[13]	0.07142857142857142	0.07142857142857142
Math/Math_16	[0, 253]	0.5039370078740157	1.0
Math/Math_17	[11]	0.08333333333333333	0.08333333333333333
Math/Math_18	[11, 12, 13, 14, 21, 22, 41, 44]	0.1938398256333039	0.08333333333333333
Math/Math_19	[32, 37, 82, 138]	0.036964041495229485	0.030303030303030304
Math/Math_20	[390]	0.0025575447570332483	0.0025575447570332483
Math/Math_21	[0, 17, 18, 21, 23, 24, 25, 26, 28, 29, 30, 31, 33, 35, 36, 37, 38, 39, 42]	0.3559820561732729	1.0
Math/Math_23	[94, 108, 145]	0.016474294949388048	0.010526315789473684
Math/Math_24	[116, 117, 149]	0.015165387029793809	0.008547008547008548
Math/Math_25	[0]	1.0	1.0
Math/Math_26	[7, 9, 12, 18]	0.19157388663967612	0.125
Math/Math_28	[10]	0.09090909090909091	0.09090909090909091
Math/Math_29	[20, 22, 110, 111, 112, 113]	0.04903270810957978	0.047619047619047616
Math/Math_30	[37, 38]	0.038798920377867745	0.02631578947368421
Math/Math_31	[118, 122, 123, 124, 125, 126, 127, 128, 132, 140, 142, 145]	0.048516060572740556	0.008403361344537815
Math/Math_32	[22]	0.043478260869565216	0.043478260869565216
Math/Math_33	[27, 29]	0.05119047619047619	0.03571428571428571
Math/Math_34	[2]	0.3333333333333333	0.3333333333333333
Math/Math_35	[2, 6]	0.30952380952380953	0.3333333333333333
Math/Math_36	[0, 1, 8, 9]	0.6833333333333333	1.0
Math/Math_37	[0, 4]	0.7	1.0
Math/Math_38	[2, 6, 7, 20, 22, 23, 24, 25, 29, 30, 34]	0.288770343728268	0.3333333333333333
Math/Math_39	[25, 26, 48]	0.0579200341105103	0.038461538461538464
Math/Math_40	[0, 29, 32, 79, 84]	0.25327985739750447	1.0
Math/Math_41	[2, 3, 19, 34, 35]	0.24730158730158727	0.3333333333333333
Math/Math_42	[25, 73, 100]	0.031730511928531734	0.038461538461538464
Math/Math_43	[57]	0.017241379310344827	0.017241379310344827
Math/Math_44	[0, 7, 46, 165, 199, 202, 216]	0.2035344125055208	1.0
Math/Math_45	[0, 1]	1.0	1.0
Math/Math_46	[1]	0.5	0.5
Math/Math_47	[5, 6, 45, 46]	0.15067618166600588	0.16666666666666666
Math/Math_48	[186, 190]	0.007909398885684689	0.0053475935828877
Math/Math_49	[5, 6, 8]	0.26190476190476186	0.16666666666666666
Math/Math_50	[7, 14, 15, 16, 17, 18]	0.21244911707373007	0.125
Math/Math_51	[24, 25, 28, 29, 31, 172]	0.09077279450722246	0.04
Math/Math_52	[1, 2, 18]	0.44152046783625726	0.5
Math/Math_53	[0, 1]	1.0	1.0
Math/Math_54	[4]	0.2	0.2
Math/Math_55	[0, 1, 2]	1.0	1.0
Math/Math_56	[0, 2, 7, 8, 9, 12]	0.5746082621082621	1.0
Math/Math_57	[8]	0.1111111111111111	0.1111111111111111
Math/Math_58	[432]	0.0023094688221709007	0.0023094688221709007
Math/Math_59	[7, 9]	0.1625	0.125
Math/Math_60	[21, 22, 23]	0.08580368906455864	0.045454545454545456
Math/Math_61	[4]	0.2	0.2
Math/Math_62	[19, 22, 25, 26, 28, 104, 105, 106, 107, 108, 109, 110]	0.0961695489345783	0.05
Math/Math_63	[0, 1]	1.0	1.0
Math/Math_64	[50, 73, 74, 76, 77, 87, 93, 108, 113, 122, 124, 125, 133, 134]	0.0687810564757185	0.0196078431372549
Math/Math_65	[19, 20, 21, 22, 99, 100, 102, 103]	0.08872561970570905	0.05
Math/Math_66	[25, 26, 27, 28, 29, 85, 101, 102, 126, 129, 132, 133, 149]	0.08823506597128183	0.038461538461538464
Math/Math_67	[0]	1.0	1.0
Math/Math_68	[82]	0.012048192771084338	0.012048192771084338
Math/Math_69	[0, 3, 4, 6, 29]	0.5676190476190477	1.0
Math/Math_70	[0, 1]	1.0	1.0
Math/Math_71	[42, 48, 56, 60, 68, 80, 96, 160, 164, 187, 196]	0.05584038444723807	0.023255813953488372
Math/Math_72	[0, 3, 6]	0.6428571428571429	1.0
Math/Math_73	[1, 2, 6, 7]	0.5238095238095237	0.5
Math/Math_74	[557, 609, 627, 631]	0.004044246801918891	0.0017921146953405018
Math/Math_75	[0]	1.0	1.0
Math/Math_76	[23, 24, 28, 31, 42, 47, 156, 269, 303, 304, 309]	0.06940778623259018	0.041666666666666664
Math/Math_77	[9, 10, 11, 12, 13]	0.23933066933066932	0.1
Math/Math_78	[5, 7, 21, 30, 31]	0.16766251221896383	0.16666666666666666
Math/Math_79	[12, 13, 31]	0.10451007326007326	0.07692307692307693
Math/Math_80	[2, 39]	0.19166666666666665	0.3333333333333333
Math/Math_81	[103, 151, 188, 197]	0.014712078856815698	0.009615384615384616
Math/Math_82	[56, 111]	0.01770050125313283	0.017543859649122806
Math/Math_83	[2, 9, 43, 103]	0.1599941724941725	0.3333333333333333
Math/Math_84	[43, 52]	0.03023156089193825	0.022727272727272728
Math/Math_85	[23, 24]	0.060833333333333336	0.041666666666666664
Math/Math_86	[47, 53, 65]	0.03444163860830527	0.020833333333333332
Math/Math_87	[72, 83, 96, 97]	0.027313078882167184	0.0136986301369863
Math/Math_88	[4, 6, 10, 11]	0.27294372294372293	0.2
Math/Math_89	[0]	1.0	1.0
Math/Math_90	[0]	1.0	1.0
Math/Math_91	[0, 1, 2]	1.0	1.0
Math/Math_92	[2, 3, 6, 7, 8, 13, 14]	0.4589569160997732	0.3333333333333333
Math/Math_93	[0, 1, 6, 7]	0.7321428571428571	1.0
Math/Math_94	[0, 1]	1.0	1.0
Math/Math_95	[30]	0.03225806451612903	0.03225806451612903
Math/Math_96	[1, 2, 4]	0.5888888888888889	0.5
Math/Math_97	[0, 1, 2, 3, 10, 11, 14]	0.7744588744588744	1.0
Math/Math_98	[0, 8, 9, 12]	0.4574786324786325	1.0
Math/Math_99	[2, 3, 4, 8, 9]	0.47555555555555545	0.3333333333333333
Math/Math_100	[5, 6]	0.22619047619047616	0.16666666666666666
Math/Math_101	[2, 3, 21]	0.3232323232323232	0.3333333333333333
Math/Math_102	[3, 4, 5, 6, 7]	0.4692857142857143	0.25
Math/Math_103	[22, 23]	0.06340579710144928	0.043478260869565216
Math/Math_105	[4]	0.2	0.2
Math/Math_106	[0, 2, 3, 4, 5, 8, 9]	0.7738095238095238	1.0
MAP	0.3108981224832106
MRR	0.3529691887075767
TOP-n	25	32	41	43	47	51	52	55	56	57	58	60	62	63	63	63	63	63	64	66	
