Time/Time_1	[72, 74, 80, 81]	0.03154570541139201	0.0136986301369863
Time/Time_2	[11, 15, 16]	0.12826797385620914	0.08333333333333333
Time/Time_3	[185, 186, 187, 188, 189, 190]	0.018487066877242993	0.005376344086021506
Time/Time_4	[0, 7, 8, 107, 108]	0.3332483860006795	1.0
Time/Time_5	[1, 2, 5, 13]	0.488095238095238	0.5
Time/Time_6	[1, 2, 137, 147, 163]	0.249184125801305	0.5
Time/Time_7	[3, 82, 83, 84]	0.08921737369646654	0.25
Time/Time_8	[0, 11, 35]	0.4166666666666667	1.0
Time/Time_9	[1, 5, 101]	0.2875816993464052	0.5
Time/Time_10	[165, 198, 265, 266]	0.01058345413469627	0.006024096385542169
Time/Time_11	[370]	0.0026954177897574125	0.0026954177897574125
Time/Time_12	[5, 6, 8, 9]	0.2964285714285714	0.16666666666666666
Time/Time_13	[1, 3, 11, 12]	0.3894230769230769	0.5
Time/Time_14	[22, 35, 161]	0.039184111647879764	0.043478260869565216
Time/Time_15	[0, 1]	1.0	1.0
Time/Time_16	[26, 31, 32, 124]	0.05561153198653199	0.037037037037037035
Time/Time_17	[4, 5, 6, 17, 18]	0.2894569757727652	0.2
Time/Time_18	[0, 4, 5, 6, 7, 8, 9, 10, 11]	0.660040885040885	1.0
Time/Time_19	[121]	0.00819672131147541	0.00819672131147541
Time/Time_20	[19, 92, 163, 166, 167]	0.02870241196824066	0.05
Time/Time_22	[94]	0.010526315789473684	0.010526315789473684
Time/Time_23	[6]	0.14285714285714285	0.14285714285714285
Time/Time_24	[258, 264, 354, 411, 444]	0.008160714163586835	0.003861003861003861
Time/Time_25	[30, 31, 33]	0.060997786211258696	0.03225806451612903
Time/Time_26	[571, 591, 592, 595]	0.0042242653612579025	0.0017482517482517483
Time/Time_27	[270]	0.0036900369003690036	0.0036900369003690036
MAP	0.19434898673225287
MRR	0.27159412781879827
TOP-n	4	8	8	9	10	11	12	12	12	12	12	13	13	13	13	13	13	13	13	14	