Time/Time_1	[72, 74, 80, 81]	0.03154570541139201	0.0136986301369863
Time/Time_2	[101, 103, 106]	0.019024024658988923	0.00980392156862745
Time/Time_3	[187, 188, 189, 190, 191, 192]	0.018293798524595957	0.005319148936170213
Time/Time_4	[92, 99, 100, 107, 108]	0.028672851027827455	0.010752688172043012
Time/Time_5	[1, 2, 5, 87]	0.428030303030303	0.5
Time/Time_6	[1, 2, 95, 145, 158]	0.2513520935642285	0.5
Time/Time_7	[4, 127, 128, 129]	0.06741251118067978	0.2
Time/Time_8	[0, 17, 24]	0.41037037037037044	1.0
Time/Time_9	[91, 94, 103]	0.02025611688083084	0.010869565217391304
Time/Time_10	[168, 170, 270, 271]	0.010847264812527582	0.005917159763313609
Time/Time_11	[371]	0.002688172043010753	0.002688172043010753
Time/Time_12	[78, 79, 90, 91]	0.028525880421174862	0.012658227848101266
Time/Time_13	[1, 4, 88, 89]	0.24453807740324593	0.5
Time/Time_14	[125, 139, 166]	0.013395431359503213	0.007936507936507936
Time/Time_15	[0, 2]	0.8333333333333333	1.0
Time/Time_16	[204, 210, 211, 214]	0.011778079081321727	0.004878048780487805
Time/Time_17	[75, 76, 77, 78, 80]	0.037990953125307994	0.013157894736842105
Time/Time_18	[69, 76, 77, 78, 79, 80, 81, 82, 83]	0.061646946350869584	0.014285714285714285
Time/Time_19	[118]	0.008403361344537815	0.008403361344537815
Time/Time_20	[78, 166, 168, 171, 172]	0.018908660619953666	0.012658227848101266
Time/Time_22	[98]	0.010101010101010102	0.010101010101010102
Time/Time_23	[6]	0.14285714285714285	0.14285714285714285
Time/Time_24	[261, 263, 319, 419, 448]	0.008285443690744274	0.003816793893129771
Time/Time_25	[110, 112, 115]	0.01752339767292468	0.009009009009009009
Time/Time_26	[585, 600, 601, 605]	0.0041545801083985945	0.0017064846416382253
Time/Time_27	[265]	0.0037593984962406013	0.0037593984962406013
MAP	0.10514211182578707
MRR	0.15401065798523098
TOP-n	2	5	5	5	6	6	7	7	7	7	7	7	7	7	7	7	7	7	7	7	