Time/Time_1	[72, 76, 80, 83]	0.031082185191774234	0.0136986301369863
Time/Time_2	[101, 107, 111]	0.018369384790953416	0.00980392156862745
Time/Time_3	[207, 208, 209, 210, 211, 212]	0.01656234171671427	0.004807692307692308
Time/Time_4	[92, 99, 100, 109, 110]	0.02837286797555082	0.010752688172043012
Time/Time_5	[75, 76, 79, 89]	0.030269091288828133	0.013157894736842105
Time/Time_6	[1, 3, 83, 132, 133]	0.2206205813040063	0.5
Time/Time_7	[82, 138, 139, 140]	0.019058511933632498	0.012048192771084338
Time/Time_8	[0, 10, 25]	0.4324009324009324	1.0
Time/Time_9	[92, 94, 105]	0.02003573551448107	0.010752688172043012
Time/Time_10	[170, 171, 271, 272]	0.010789321652459747	0.005847953216374269
Time/Time_11	[374]	0.0026666666666666666	0.0026666666666666666
Time/Time_12	[87, 88, 92, 93]	0.02716170062037166	0.011363636363636364
Time/Time_13	[78, 81, 89, 90]	0.028584462259979397	0.012658227848101266
Time/Time_14	[125, 149, 183]	0.012524729698642744	0.007936507936507936
Time/Time_15	[0, 2]	0.8333333333333333	1.0
Time/Time_16	[217, 224, 225, 228]	0.011054407510918607	0.0045871559633027525
Time/Time_17	[77, 78, 79, 81, 83]	0.03678825316908059	0.01282051282051282
Time/Time_18	[71, 82, 83, 84, 85, 86, 87, 88, 89]	0.05747739231052756	0.013888888888888888
Time/Time_19	[113]	0.008771929824561403	0.008771929824561403
Time/Time_20	[70, 178, 186, 189, 190]	0.017706222839722015	0.014084507042253521
Time/Time_22	[100]	0.009900990099009901	0.009900990099009901
Time/Time_23	[6]	0.14285714285714285	0.14285714285714285
Time/Time_24	[234, 244, 325, 444, 466]	0.008263288120672839	0.00425531914893617
Time/Time_25	[113, 114, 116]	0.017268086604471045	0.008771929824561403
Time/Time_26	[589, 601, 602, 613]	0.004126739187253848	0.001694915254237288
Time/Time_27	[240]	0.004149377593360996	0.004149377593360996
MAP	0.07885367986404034
MRR	0.10927989881589895
TOP-n	2	3	3	3	3	3	4	4	4	4	4	4	4	4	4	4	4	4	4	4	