Time/Time_1	[72, 73, 80, 81]	0.0316357955014821	0.0136986301369863
Time/Time_2	[101, 105, 106]	0.018903076424833142	0.00980392156862745
Time/Time_3	[186, 187, 188, 189, 190, 191]	0.01838992489639926	0.0053475935828877
Time/Time_4	[0, 99, 100, 107, 108]	0.22652231339341883	1.0
Time/Time_5	[1, 2, 5, 87]	0.428030303030303	0.5
Time/Time_6	[1, 2, 136, 145, 163]	0.24928990840753323	0.5
Time/Time_7	[4, 123, 124, 125]	0.06796876600102406	0.2
Time/Time_8	[0, 11, 26]	0.425925925925926	1.0
Time/Time_9	[91, 94, 101]	0.020444653834073675	0.010869565217391304
Time/Time_10	[167, 200, 266, 267]	0.010515989474776997	0.005952380952380952
Time/Time_11	[371]	0.002688172043010753	0.002688172043010753
Time/Time_12	[5, 6, 88, 89]	0.132633315498484	0.16666666666666666
Time/Time_13	[1, 3, 11, 12]	0.3894230769230769	0.5
Time/Time_14	[22, 137, 164]	0.0253842775581906	0.043478260869565216
Time/Time_15	[0, 1]	1.0	1.0
Time/Time_16	[204, 208, 209, 212]	0.011878120944909351	0.004878048780487805
Time/Time_17	[14, 15, 16, 17, 18]	0.17070347437220504	0.06666666666666667
Time/Time_18	[0, 73, 74, 75, 76, 77, 78, 79, 80]	0.17347060598670636	1.0
Time/Time_19	[121]	0.00819672131147541	0.00819672131147541
Time/Time_20	[84, 161, 164, 167, 168]	0.01913750514052173	0.011764705882352941
Time/Time_22	[96]	0.010309278350515464	0.010309278350515464
Time/Time_23	[6]	0.14285714285714285	0.14285714285714285
Time/Time_24	[258, 264, 320, 415, 444]	0.008321061547282474	0.003861003861003861
Time/Time_25	[108, 109, 111]	0.018047281464712656	0.009174311926605505
Time/Time_26	[576, 594, 595, 598]	0.004201450041259986	0.0017331022530329288
Time/Time_27	[267]	0.0037313432835820895	0.0037313432835820895
MAP	0.13917728785434022
MRR	0.2392952890850147
TOP-n	4	7	7	7	8	9	10	10	10	10	10	10	10	10	11	11	11	11	11	11	