Time/Time_1	[1, 4, 10, 11]	0.3765151515151515	0.5
Time/Time_2	[10, 13, 15]	0.14042207792207792	0.09090909090909091
Time/Time_3	[18, 19, 20, 21, 22, 23]	0.15744970132841987	0.05263157894736842
Time/Time_4	[0, 7, 8, 15, 16]	0.42549019607843136	1.0
Time/Time_5	[1, 3, 5, 13]	0.4464285714285714	0.5
Time/Time_6	[1, 2, 139, 145, 163]	0.24919606064945188	0.5
Time/Time_7	[3, 41, 42, 43]	0.11457389509715091	0.25
Time/Time_8	[0, 11, 70]	0.4029733959311424	1.0
Time/Time_9	[1, 4, 12]	0.3769230769230769	0.5
Time/Time_10	[54, 59, 121, 122]	0.027156410163207446	0.01818181818181818
Time/Time_11	[369]	0.002702702702702703	0.002702702702702703
Time/Time_12	[5, 6, 8, 9]	0.2964285714285714	0.16666666666666666
Time/Time_13	[1, 3, 11, 12]	0.3894230769230769	0.5
Time/Time_14	[21, 33, 58]	0.05170851083114294	0.045454545454545456
Time/Time_15	[0, 1]	1.0	1.0
Time/Time_16	[24, 28, 29, 31]	0.08349137931034484	0.04
Time/Time_17	[4, 5, 6, 14, 15]	0.30821428571428566	0.2
Time/Time_18	[0, 4, 5, 6, 7, 8, 9, 10, 11]	0.660040885040885	1.0
Time/Time_19	[44]	0.022222222222222223	0.022222222222222223
Time/Time_20	[18, 21, 24, 25, 164]	0.08953797080112869	0.05263157894736842
Time/Time_22	[20]	0.047619047619047616	0.047619047619047616
Time/Time_23	[6]	0.14285714285714285	0.14285714285714285
Time/Time_24	[258, 270, 381, 399, 441]	0.008081339599534653	0.003861003861003861
Time/Time_25	[28, 29, 31]	0.06496647509578544	0.034482758620689655
Time/Time_26	[568, 590, 591, 592]	0.004238623532436674	0.0017574692442882249
Time/Time_27	[270]	0.0036900369003690036	0.0036900369003690036
MAP	0.22662887721597527
MRR	0.2952179870436279
TOP-n	4	9	9	10	11	12	13	13	13	13	14	14	14	14	14	14	14	14	16	16	