Time/Time_1	[72, 74, 80, 81]	0.03154570541139201	0.0136986301369863
Time/Time_2	[101, 103, 106]	0.019024024658988923	0.00980392156862745
Time/Time_3	[187, 188, 189, 190, 191, 192]	0.018293798524595957	0.005319148936170213
Time/Time_4	[92, 99, 100, 107, 108]	0.028672851027827455	0.010752688172043012
Time/Time_5	[1, 2, 5, 87]	0.428030303030303	0.5
Time/Time_6	[1, 2, 118, 146, 159]	0.25006752701080426	0.5
Time/Time_7	[4, 125, 126, 127]	0.0676862657792776	0.2
Time/Time_8	[0, 11, 21]	0.4343434343434344	1.0
Time/Time_9	[91, 94, 101]	0.020444653834073675	0.010869565217391304
Time/Time_10	[168, 169, 269, 270]	0.010888281089563419	0.005917159763313609
Time/Time_11	[371]	0.002688172043010753	0.002688172043010753
Time/Time_12	[78, 79, 88, 89]	0.028952634365271263	0.012658227848101266
Time/Time_13	[1, 3, 88, 89]	0.269538077403246	0.5
Time/Time_14	[22, 138, 164]	0.02534952275333883	0.043478260869565216
Time/Time_15	[0, 2]	0.8333333333333333	1.0
Time/Time_16	[204, 210, 211, 213]	0.011799813486885736	0.004878048780487805
Time/Time_17	[14, 15, 16, 78, 79]	0.09625403325887318	0.06666666666666667
Time/Time_18	[0, 73, 74, 75, 76, 77, 78, 79, 80]	0.17347060598670636	1.0
Time/Time_19	[121]	0.00819672131147541	0.00819672131147541
Time/Time_20	[81, 162, 166, 169, 170]	0.019039662060878183	0.012195121951219513
Time/Time_22	[96]	0.010309278350515464	0.010309278350515464
Time/Time_23	[6]	0.14285714285714285	0.14285714285714285
Time/Time_24	[260, 263, 320, 417, 445]	0.00830662198301424	0.0038314176245210726
Time/Time_25	[110, 111, 113]	0.017727313779945356	0.009009009009009009
Time/Time_26	[578, 593, 594, 598]	0.0042034830544227745	0.0017271157167530224
Time/Time_27	[266]	0.003745318352059925	0.003745318352059925
MAP	0.11402956073424536
MRR	0.19533083135288692
TOP-n	3	6	6	6	7	7	8	8	8	8	8	8	8	8	9	9	9	9	9	9	