Time/Time_1	[0, 3, 8, 10]	0.5492424242424242	1.0
Time/Time_2	[8, 15, 19]	0.12870370370370368	0.1111111111111111
Time/Time_3	[6, 7, 8, 9, 10, 11]	0.3467893217893218	0.14285714285714285
Time/Time_4	[0, 9, 10, 15, 16]	0.4033689839572192	1.0
Time/Time_5	[1, 3, 4, 13]	0.4714285714285714	0.5
Time/Time_6	[1, 2, 80, 201, 210]	0.24944047327323565	0.5
Time/Time_7	[1, 18, 19, 20]	0.23643483709273183	0.5
Time/Time_8	[0, 10, 203]	0.3988413547237077	1.0
Time/Time_9	[0, 2, 6]	0.6984126984126983	1.0
Time/Time_10	[53, 55, 104, 105]	0.03013502046520914	0.018518518518518517
Time/Time_11	[295]	0.0033783783783783786	0.0033783783783783786
Time/Time_12	[4, 5, 10, 11]	0.28484848484848485	0.2
Time/Time_13	[1, 2, 11, 12]	0.43108974358974356	0.5
Time/Time_14	[12, 27, 40]	0.07384079335298847	0.07692307692307693
Time/Time_15	[0, 1]	1.0	1.0
Time/Time_16	[5, 8, 9, 13]	0.24365079365079365	0.16666666666666666
Time/Time_17	[1, 2, 3, 5, 6]	0.6595238095238095	0.5
Time/Time_18	[0, 4, 5, 6, 7, 8, 9, 10, 11]	0.660040885040885	1.0
Time/Time_19	[119]	0.008333333333333333	0.008333333333333333
Time/Time_20	[9, 10, 13, 14, 635]	0.1541264395981377	0.1
Time/Time_22	[11]	0.08333333333333333	0.08333333333333333
Time/Time_23	[3]	0.25	0.25
Time/Time_24	[173, 186, 277, 302, 316]	0.011241574260701121	0.005747126436781609
Time/Time_25	[31, 32, 34]	0.05919011544011544	0.03125
Time/Time_26	[434, 447, 449, 450]	0.0055747456391379855	0.0022988505747126436
Time/Time_27	[193]	0.005154639175257732	0.005154639175257732
MAP	0.2863894022405355
MRR	0.3732912375887813
TOP-n	6	11	11	12	13	14	15	15	16	17	17	18	19	19	19	19	19	19	19	19	