Time/Time_1	[0, 3, 10, 11]	0.5265151515151515	1.0
Time/Time_2	[10, 12, 14]	0.14825174825174825	0.09090909090909091
Time/Time_3	[17, 18, 19, 20, 21, 22]	0.16490619940276693	0.05555555555555555
Time/Time_4	[0, 7, 8, 15, 16]	0.42549019607843136	1.0
Time/Time_5	[1, 3, 5, 13]	0.4464285714285714	0.5
Time/Time_6	[1, 2, 81, 83, 168]	0.2560913757911881	0.5
Time/Time_7	[2, 30, 31, 32]	0.15320289589442815	0.3333333333333333
Time/Time_8	[0, 10, 98]	0.40404040404040403	1.0
Time/Time_9	[1, 4, 12]	0.3769230769230769	0.5
Time/Time_10	[56, 63, 121, 122]	0.02647608719670027	0.017543859649122806
Time/Time_11	[367]	0.002717391304347826	0.002717391304347826
Time/Time_12	[5, 6, 8, 9]	0.2964285714285714	0.16666666666666666
Time/Time_13	[1, 3, 11, 12]	0.3894230769230769	0.5
Time/Time_14	[21, 32, 56]	0.052897395002658165	0.045454545454545456
Time/Time_15	[0, 1]	1.0	1.0
Time/Time_16	[15, 27, 28, 30]	0.09160227633878913	0.0625
Time/Time_17	[4, 5, 6, 7, 8]	0.40349206349206346	0.2
Time/Time_18	[0, 4, 5, 6, 7, 8, 9, 10, 11]	0.660040885040885	1.0
Time/Time_19	[60]	0.01639344262295082	0.01639344262295082
Time/Time_20	[17, 20, 23, 24, 202]	0.09208483853311442	0.05555555555555555
Time/Time_22	[15]	0.0625	0.0625
Time/Time_23	[6]	0.14285714285714285	0.14285714285714285
Time/Time_24	[157, 172, 286, 295, 438]	0.010649160878349526	0.006329113924050633
Time/Time_25	[25, 26, 28]	0.07199462946589384	0.038461538461538464
Time/Time_26	[456, 472, 473, 476]	0.005282842944004114	0.002188183807439825
Time/Time_27	[272]	0.003663003663003663	0.003663003663003663
MAP	0.23962893950066605
MRR	0.31933186245247475
TOP-n	5	9	10	10	11	12	13	13	13	13	14	14	14	14	14	16	16	18	18	18	