Time/Time_1	[0, 3, 9, 11]	0.5333333333333333	1.0
Time/Time_2	[9, 11, 14]	0.15555555555555556	0.1
Time/Time_3	[9, 10, 11, 12, 13, 14]	0.26610889110889113	0.1
Time/Time_4	[0, 7, 8, 15, 16]	0.42549019607843136	1.0
Time/Time_5	[1, 3, 4, 13]	0.4714285714285714	0.5
Time/Time_6	[1, 2, 83, 89, 108]	0.25853939129168485	0.5
Time/Time_7	[1, 26, 27, 28]	0.20478699142492246	0.5
Time/Time_8	[0, 10, 100]	0.4038403840384039	1.0
Time/Time_9	[1, 3, 12]	0.4102564102564103	0.5
Time/Time_10	[52, 61, 117, 118]	0.027540790809035376	0.018867924528301886
Time/Time_11	[331]	0.0030120481927710845	0.0030120481927710845
Time/Time_12	[5, 6, 8, 9]	0.2964285714285714	0.16666666666666666
Time/Time_13	[1, 3, 11, 12]	0.3894230769230769	0.5
Time/Time_14	[20, 31, 51]	0.05593711843711844	0.047619047619047616
Time/Time_15	[0, 1]	1.0	1.0
Time/Time_16	[14, 17, 18, 20]	0.13153717627401837	0.06666666666666667
Time/Time_17	[3, 4, 5, 7, 8]	0.4411111111111111	0.25
Time/Time_18	[0, 4, 5, 6, 7, 8, 9, 10, 11]	0.660040885040885	1.0
Time/Time_19	[87]	0.011363636363636364	0.011363636363636364
Time/Time_20	[10, 12, 15, 16, 267]	0.13724121576404283	0.09090909090909091
Time/Time_22	[11]	0.08333333333333333	0.08333333333333333
Time/Time_23	[6]	0.14285714285714285	0.14285714285714285
Time/Time_24	[165, 175, 292, 298, 335]	0.01117710388027299	0.006024096385542169
Time/Time_25	[23, 24, 28]	0.07503831417624522	0.041666666666666664
Time/Time_26	[453, 468, 469, 471]	0.00533114762262267	0.0022026431718061676
Time/Time_27	[187]	0.005319148936170213	0.005319148936170213
MAP	0.2540781363717791
MRR	0.33217338893449394
TOP-n	5	10	10	11	11	12	13	13	13	15	16	17	17	17	18	18	18	18	18	18	