Time/Time_1	[0, 3, 6, 7]	0.6071428571428572	1.0
Time/Time_2	[6, 23, 25]	0.11385836385836386	0.14285714285714285
Time/Time_3	[1, 2, 3, 4, 5, 6]	0.7345238095238096	0.5
Time/Time_4	[0, 9, 10, 14, 15]	0.41037878787878784	1.0
Time/Time_5	[1, 3, 5, 12]	0.4519230769230769	0.5
Time/Time_6	[1, 2, 80, 222, 261]	0.24814497858005882	0.5
Time/Time_7	[1, 10, 11, 12]	0.3098776223776224	0.5
Time/Time_8	[0, 8, 203]	0.41230936819172115	1.0
Time/Time_9	[0, 1, 5]	0.8333333333333334	1.0
Time/Time_10	[66, 67, 95, 96]	0.02920606281056814	0.014925373134328358
Time/Time_11	[294]	0.003389830508474576	0.003389830508474576
Time/Time_12	[0, 1, 9, 10]	0.6659090909090909	1.0
Time/Time_13	[0, 1, 17, 18]	0.5942982456140351	1.0
Time/Time_14	[9, 18, 26]	0.10545808966861599	0.1
Time/Time_15	[0, 1]	1.0	1.0
Time/Time_16	[0, 2, 3, 5]	0.7708333333333333	1.0
Time/Time_17	[0, 1, 2, 3, 4]	1.0	1.0
Time/Time_18	[0, 2, 3, 4, 5, 6, 7, 8, 9]	0.8412257495590829	1.0
Time/Time_19	[187]	0.005319148936170213	0.005319148936170213
Time/Time_20	[1, 3, 6, 7, 635]	0.3872866127583109	0.5
Time/Time_22	[11]	0.08333333333333333	0.08333333333333333
Time/Time_23	[5]	0.16666666666666666	0.16666666666666666
Time/Time_24	[250, 271, 280, 302, 305]	0.01031087018363587	0.00398406374501992
Time/Time_25	[31, 33, 38]	0.05566553544494721	0.03125
Time/Time_26	[430, 440, 443, 444]	0.005650213452210003	0.002320185614849188
Time/Time_27	[213]	0.004672897196261682	0.004672897196261682
MAP	0.3788737645455526
MRR	0.5022584093073941
TOP-n	10	15	15	15	15	16	17	17	17	18	18	19	19	19	19	19	19	19	19	19	