Time/Time_1	[0, 3, 4, 5]	0.6916666666666667	1.0
Time/Time_2	[11, 28, 30]	0.08302434804103324	0.08333333333333333
Time/Time_3	[0, 1, 2, 3, 4, 5]	1.0	1.0
Time/Time_4	[5, 11, 12, 13, 14]	0.23663003663003662	0.16666666666666666
Time/Time_5	[17, 19, 22, 25]	0.10995912300260127	0.05555555555555555
Time/Time_6	[17, 19, 82, 235, 291]	0.045154514816482874	0.05555555555555555
Time/Time_7	[2, 3, 4, 21]	0.40378787878787875	0.3333333333333333
Time/Time_8	[8, 9, 203]	0.10860566448801744	0.1111111111111111
Time/Time_9	[2, 3, 4]	0.4777777777777777	0.3333333333333333
Time/Time_10	[85, 86, 87, 88]	0.0284127855098747	0.011627906976744186
Time/Time_11	[290]	0.003436426116838488	0.003436426116838488
Time/Time_12	[1, 2, 5, 6]	0.5595238095238095	0.5
Time/Time_13	[19, 23, 36, 37]	0.07991939307728782	0.05
Time/Time_14	[4, 9, 13]	0.20476190476190478	0.2
Time/Time_15	[0, 1]	1.0	1.0
Time/Time_16	[0, 2, 5, 7]	0.6666666666666666	1.0
Time/Time_17	[0, 2, 3, 4, 5]	0.8099999999999999	1.0
Time/Time_18	[1, 2, 3, 4, 5, 6, 7, 8, 14]	0.7523368606701939	0.5
Time/Time_19	[233]	0.004273504273504274	0.004273504273504274
Time/Time_20	[2, 3, 4, 7, 635]	0.38823899371069176	0.3333333333333333
Time/Time_22	[7]	0.125	0.125
Time/Time_23	[8]	0.1111111111111111	0.1111111111111111
Time/Time_24	[260, 286, 290, 360, 379]	0.009069512847366703	0.0038314176245210726
Time/Time_25	[80, 82, 84]	0.023912060733857727	0.012345679012345678
Time/Time_26	[421, 423, 428, 429]	0.005845495488230828	0.002369668246445498
Time/Time_27	[216]	0.004608294930875576	0.004608294930875576
MAP	0.3051431857551042
MRR	0.3077240857890233
TOP-n	5	7	10	10	11	12	12	13	15	15	15	16	16	16	16	16	16	18	18	19	