Time/Time_1	[0, 3, 8, 10]	0.5492424242424242	1.0
Time/Time_2	[10, 11, 13]	0.15728715728715728	0.09090909090909091
Time/Time_3	[7, 8, 9, 10, 11, 12]	0.31484395234395235	0.125
Time/Time_4	[0, 7, 8, 15, 16]	0.42549019607843136	1.0
Time/Time_5	[1, 3, 4, 12]	0.47692307692307695	0.5
Time/Time_6	[1, 2, 80, 94, 112]	0.25801135089444355	0.5
Time/Time_7	[1, 21, 22, 23]	0.2220026350461133	0.5
Time/Time_8	[0, 10, 103]	0.40355477855477856	1.0
Time/Time_9	[1, 3, 9]	0.43333333333333335	0.5
Time/Time_10	[52, 57, 115, 116]	0.02835019657563574	0.018867924528301886
Time/Time_11	[298]	0.0033444816053511705	0.0033444816053511705
Time/Time_12	[5, 6, 8, 9]	0.2964285714285714	0.16666666666666666
Time/Time_13	[1, 3, 11, 12]	0.3894230769230769	0.5
Time/Time_14	[19, 30, 46]	0.05944863875543354	0.05
Time/Time_15	[0, 1]	1.0	1.0
Time/Time_16	[12, 15, 17, 19]	0.1421474358974359	0.07692307692307693
Time/Time_17	[2, 3, 4, 5, 6]	0.5628571428571428	0.3333333333333333
Time/Time_18	[0, 4, 5, 6, 7, 8, 9, 10, 11]	0.660040885040885	1.0
Time/Time_19	[87]	0.011363636363636364	0.011363636363636364
Time/Time_20	[9, 11, 14, 15, 318]	0.14646812957157784	0.1
Time/Time_22	[11]	0.08333333333333333	0.08333333333333333
Time/Time_23	[6]	0.14285714285714285	0.14285714285714285
Time/Time_24	[169, 175, 284, 296, 329]	0.011278366742763028	0.0058823529411764705
Time/Time_25	[35, 36, 40]	0.0516675211797163	0.027777777777777776
Time/Time_26	[451, 465, 466, 468]	0.005364250597914963	0.0022123893805309734
Time/Time_27	[189]	0.005263157894736842	0.005263157894736842
MAP	0.2630894181664641
MRR	0.3362974755582368
TOP-n	5	10	11	11	11	12	13	14	14	15	16	17	18	18	18	18	18	18	18	19	