Time/Time_1	[72, 74, 79, 82]	0.031514516971997586	0.0136986301369863
Time/Time_2	[101, 103, 109]	0.01876913935737465	0.00980392156862745
Time/Time_3	[198, 200, 201, 202, 203, 204]	0.01721823160581781	0.005025125628140704
Time/Time_4	[92, 99, 100, 107, 108]	0.028672851027827455	0.010752688172043012
Time/Time_5	[1, 76, 79, 87]	0.15223214285714284	0.5
Time/Time_6	[1, 2, 92, 147, 156]	0.25155977839355687	0.5
Time/Time_7	[81, 129, 130, 131]	0.020195882749410955	0.012195121951219513
Time/Time_8	[0, 14, 25]	0.41623931623931626	1.0
Time/Time_9	[91, 94, 104]	0.02016454178925575	0.010869565217391304
Time/Time_10	[168, 170, 271, 272]	0.010823623153195669	0.005917159763313609
Time/Time_11	[372]	0.002680965147453083	0.002680965147453083
Time/Time_12	[78, 79, 90, 91]	0.028525880421174862	0.012658227848101266
Time/Time_13	[1, 81, 88, 89]	0.15063563837885569	0.5
Time/Time_14	[125, 141, 171]	0.013154291814625912	0.007936507936507936
Time/Time_15	[0, 2]	0.8333333333333333	1.0
Time/Time_16	[206, 215, 220, 222]	0.011400514374520315	0.004830917874396135
Time/Time_17	[75, 76, 77, 80, 81]	0.03759035699557736	0.013157894736842105
Time/Time_18	[69, 77, 78, 79, 80, 81, 82, 83, 84]	0.060917594201883474	0.014285714285714285
Time/Time_19	[112]	0.008849557522123894	0.008849557522123894
Time/Time_20	[70, 166, 174, 177, 178]	0.018721656619103317	0.014084507042253521
Time/Time_22	[99]	0.01	0.01
Time/Time_23	[6]	0.14285714285714285	0.14285714285714285
Time/Time_24	[260, 266, 318, 422, 453]	0.008239184735563804	0.0038314176245210726
Time/Time_25	[111, 112, 114]	0.01757154766485278	0.008928571428571428
Time/Time_26	[588, 597, 598, 607]	0.004157392272112797	0.001697792869269949
Time/Time_27	[259]	0.0038461538461538464	0.0038461538461538464
MAP	0.08922581670497585
MRR	0.14684259936372202
TOP-n	2	5	5	5	5	5	6	6	6	6	6	6	6	6	6	6	6	6	6	6	