Time/Time_1	[72, 74, 80, 81]	0.03154570541139201	0.0136986301369863
Time/Time_2	[101, 103, 109]	0.01876913935737465	0.00980392156862745
Time/Time_3	[195, 196, 197, 198, 199, 200]	0.017559514835503432	0.00510204081632653
Time/Time_4	[92, 99, 100, 107, 108]	0.028672851027827455	0.010752688172043012
Time/Time_5	[1, 2, 79, 87]	0.312405303030303	0.5
Time/Time_6	[1, 2, 94, 144, 158]	0.2514556723624285	0.5
Time/Time_7	[81, 127, 128, 129]	0.020461291668484663	0.012195121951219513
Time/Time_8	[0, 15, 25]	0.4134615384615385	1.0
Time/Time_9	[91, 94, 104]	0.02016454178925575	0.010869565217391304
Time/Time_10	[168, 170, 270, 271]	0.010847264812527582	0.005917159763313609
Time/Time_11	[371]	0.002688172043010753	0.002688172043010753
Time/Time_12	[78, 79, 90, 91]	0.028525880421174862	0.012658227848101266
Time/Time_13	[1, 81, 88, 89]	0.15063563837885569	0.5
Time/Time_14	[125, 141, 167]	0.013292719278634771	0.007936507936507936
Time/Time_15	[0, 2]	0.8333333333333333	1.0
Time/Time_16	[204, 212, 213, 215]	0.01170123256232343	0.004878048780487805
Time/Time_17	[75, 76, 77, 79, 81]	0.03771381378570082	0.013157894736842105
Time/Time_18	[69, 77, 78, 79, 80, 81, 82, 83, 84]	0.060917594201883474	0.014285714285714285
Time/Time_19	[112]	0.008849557522123894	0.008849557522123894
Time/Time_20	[71, 166, 172, 175, 176]	0.018836367510680487	0.013888888888888888
Time/Time_22	[98]	0.010101010101010102	0.010101010101010102
Time/Time_23	[6]	0.14285714285714285	0.14285714285714285
Time/Time_24	[258, 266, 320, 422, 452]	0.008238245465375955	0.003861003861003861
Time/Time_25	[111, 112, 114]	0.01757154766485278	0.008928571428571428
Time/Time_26	[587, 599, 600, 605]	0.004156588550973676	0.0017006802721088435
Time/Time_27	[264]	0.0037735849056603774	0.0037735849056603774
MAP	0.09532827889766816
MRR	0.14684246665742623
TOP-n	2	5	5	5	5	5	6	6	6	6	6	6	6	6	6	6	6	6	6	6	