Time/Time_1	[72, 75, 79, 83]	0.03128336680742953	0.0136986301369863
Time/Time_2	[101, 107, 110]	0.018449822371391	0.00980392156862745
Time/Time_3	[205, 206, 207, 208, 209, 210]	0.016720596725273176	0.0048543689320388345
Time/Time_4	[92, 99, 100, 108, 109]	0.028521490326008037	0.010752688172043012
Time/Time_5	[75, 76, 79, 89]	0.030269091288828133	0.013157894736842105
Time/Time_6	[1, 3, 85, 142, 150]	0.21919366633674348	0.5
Time/Time_7	[82, 135, 136, 137]	0.019409348147345108	0.012048192771084338
Time/Time_8	[0, 11, 25]	0.4273504273504274	1.0
Time/Time_9	[91, 94, 105]	0.02007469452959717	0.010869565217391304
Time/Time_10	[170, 171, 271, 272]	0.010789321652459747	0.005847953216374269
Time/Time_11	[374]	0.0026666666666666666	0.0026666666666666666
Time/Time_12	[80, 81, 91, 92]	0.028088842813782666	0.012345679012345678
Time/Time_13	[78, 81, 89, 90]	0.028584462259979397	0.012658227848101266
Time/Time_14	[125, 146, 176]	0.012830367551917188	0.007936507936507936
Time/Time_15	[0, 2]	0.8333333333333333	1.0
Time/Time_16	[214, 219, 222, 224]	0.011243191114397706	0.004651162790697674
Time/Time_17	[76, 77, 78, 81, 82]	0.03712483476652843	0.012987012987012988
Time/Time_18	[71, 82, 83, 84, 85, 86, 87, 88, 89]	0.05747739231052756	0.013888888888888888
Time/Time_19	[113]	0.008771929824561403	0.008771929824561403
Time/Time_20	[70, 171, 183, 186, 187]	0.018000576171497307	0.014084507042253521
Time/Time_22	[99]	0.01	0.01
Time/Time_23	[6]	0.14285714285714285	0.14285714285714285
Time/Time_24	[237, 261, 322, 435, 460]	0.008228698613308801	0.004201680672268907
Time/Time_25	[112, 113, 116]	0.017344814270757448	0.008849557522123894
Time/Time_26	[587, 598, 599, 613]	0.00413855910404272	0.0017006802721088435
Time/Time_27	[241]	0.004132231404958678	0.004132231404958678
MAP	0.0787263410999579
MRR	0.10933711886450101
TOP-n	2	3	3	3	3	3	4	4	4	4	4	4	4	4	4	4	4	4	4	4	