Time/Time_1	[0, 3, 5, 7]	0.625	1.0
Time/Time_2	[5, 22, 23]	0.12620772946859904	0.16666666666666666
Time/Time_3	[1, 2, 3, 4, 5, 6]	0.7345238095238096	0.5
Time/Time_4	[2, 11, 12, 14, 15]	0.2619871794871795	0.3333333333333333
Time/Time_5	[2, 4, 5, 20]	0.35595238095238096	0.3333333333333333
Time/Time_6	[1, 2, 82, 226, 289]	0.24753475393294272	0.5
Time/Time_7	[1, 7, 8, 9]	0.37083333333333335	0.5
Time/Time_8	[0, 5, 203]	0.44934640522875813	1.0
Time/Time_9	[0, 1, 4]	0.8666666666666667	1.0
Time/Time_10	[83, 84, 92, 93]	0.027561357418739628	0.011904761904761904
Time/Time_11	[293]	0.003401360544217687	0.003401360544217687
Time/Time_12	[0, 1, 5, 6]	0.7678571428571428	1.0
Time/Time_13	[2, 8, 30, 31]	0.19433243727598568	0.3333333333333333
Time/Time_14	[1, 14, 19]	0.2611111111111111	0.5
Time/Time_15	[0, 1]	1.0	1.0
Time/Time_16	[0, 2, 3, 5]	0.7708333333333333	1.0
Time/Time_17	[0, 1, 2, 3, 4]	1.0	1.0
Time/Time_18	[0, 1, 2, 3, 4, 5, 6, 7, 8]	1.0	1.0
Time/Time_19	[212]	0.004694835680751174	0.004694835680751174
Time/Time_20	[0, 1, 4, 5, 635]	0.6549056603773585	1.0
Time/Time_22	[8]	0.1111111111111111	0.1111111111111111
Time/Time_23	[5]	0.16666666666666666	0.16666666666666666
Time/Time_24	[265, 275, 298, 300, 349]	0.00972279419089062	0.0037593984962406013
Time/Time_25	[49, 51, 76]	0.032474192474192476	0.02
Time/Time_26	[422, 432, 436, 437]	0.005745103121967958	0.002364066193853428
Time/Time_27	[215]	0.004629629629629629	0.004629629629629629
MAP	0.3866576536302603
MRR	0.48058455757284235
TOP-n	9	13	16	16	16	18	18	18	19	19	19	19	19	19	19	19	19	19	19	19	