Time/Time_1	[72, 74, 79, 82]	0.031514516971997586	0.0136986301369863
Time/Time_2	[101, 106, 109]	0.018589412542133817	0.00980392156862745
Time/Time_3	[200, 201, 202, 203, 204, 205]	0.017129790038699834	0.004975124378109453
Time/Time_4	[92, 99, 100, 107, 108]	0.028672851027827455	0.010752688172043012
Time/Time_5	[75, 76, 79, 88]	0.030393935233896795	0.013157894736842105
Time/Time_6	[1, 2, 91, 148, 152]	0.2517601476929649	0.5
Time/Time_7	[81, 131, 132, 133]	0.019938443587208747	0.012195121951219513
Time/Time_8	[0, 12, 25]	0.4230769230769231	1.0
Time/Time_9	[91, 94, 104]	0.02016454178925575	0.010869565217391304
Time/Time_10	[169, 171, 271, 272]	0.0107979215836603	0.0058823529411764705
Time/Time_11	[372]	0.002680965147453083	0.002680965147453083
Time/Time_12	[78, 79, 90, 91]	0.028525880421174862	0.012658227848101266
Time/Time_13	[78, 81, 88, 89]	0.02880019534088102	0.012658227848101266
Time/Time_14	[125, 143, 173]	0.013022258711913884	0.007936507936507936
Time/Time_15	[0, 2]	0.8333333333333333	1.0
Time/Time_16	[206, 219, 220, 222]	0.011358426832432773	0.004830917874396135
Time/Time_17	[75, 76, 77, 80, 82]	0.03744342781544219	0.013157894736842105
Time/Time_18	[69, 82, 83, 84, 85, 86, 87, 88, 89]	0.057521484021285936	0.014285714285714285
Time/Time_19	[113]	0.008771929824561403	0.008771929824561403
Time/Time_20	[70, 168, 175, 178, 179]	0.018617685521439373	0.014084507042253521
Time/Time_22	[99]	0.01	0.01
Time/Time_23	[6]	0.14285714285714285	0.14285714285714285
Time/Time_24	[256, 264, 319, 433, 455]	0.00819894450748625	0.0038910505836575876
Time/Time_25	[111, 112, 114]	0.01757154766485278	0.008928571428571428
Time/Time_26	[586, 596, 597, 610]	0.004154257129353644	0.0017035775127768314
Time/Time_27	[258]	0.003861003861003861	0.003861003861003861
MAP	0.07995219102055097
MRR	0.10937082838036458
TOP-n	2	3	3	3	3	3	4	4	4	4	4	4	4	4	4	4	4	4	4	4	