Time/Time_1	[72, 75, 80, 83]	0.03116762606668879	0.0136986301369863
Time/Time_2	[101, 107, 110]	0.018449822371391	0.00980392156862745
Time/Time_3	[206, 207, 208, 209, 210, 211]	0.016641092963325593	0.004830917874396135
Time/Time_4	[92, 99, 100, 109, 110]	0.02837286797555082	0.010752688172043012
Time/Time_5	[75, 76, 79, 89]	0.030269091288828133	0.013157894736842105
Time/Time_6	[1, 3, 85, 132, 149]	0.21965844844669818	0.5
Time/Time_7	[82, 137, 138, 139]	0.019173777194662737	0.012048192771084338
Time/Time_8	[0, 10, 25]	0.4324009324009324	1.0
Time/Time_9	[92, 94, 105]	0.02003573551448107	0.010752688172043012
Time/Time_10	[170, 171, 271, 272]	0.010789321652459747	0.005847953216374269
Time/Time_11	[374]	0.0026666666666666666	0.0026666666666666666
Time/Time_12	[87, 88, 92, 93]	0.02716170062037166	0.011363636363636364
Time/Time_13	[78, 81, 89, 90]	0.028584462259979397	0.012658227848101266
Time/Time_14	[125, 148, 180]	0.012644637454604453	0.007936507936507936
Time/Time_15	[0, 2]	0.8333333333333333	1.0
Time/Time_16	[217, 222, 223, 226]	0.011142442086520023	0.0045871559633027525
Time/Time_17	[77, 78, 79, 81, 82]	0.03693168403540302	0.01282051282051282
Time/Time_18	[71, 82, 83, 84, 85, 86, 87, 88, 89]	0.05747739231052756	0.013888888888888888
Time/Time_19	[113]	0.008771929824561403	0.008771929824561403
Time/Time_20	[70, 177, 184, 187, 188]	0.017853660102871365	0.014084507042253521
Time/Time_22	[99]	0.01	0.01
Time/Time_23	[6]	0.14285714285714285	0.14285714285714285
Time/Time_24	[236, 256, 323, 439, 466]	0.008211663383163127	0.004219409282700422
Time/Time_25	[113, 114, 116]	0.017268086604471045	0.008771929824561403
Time/Time_26	[588, 599, 600, 613]	0.004134366178876308	0.001697792869269949
Time/Time_27	[240]	0.004149377593360996	0.004149377593360996
MAP	0.07885181773795662
MRR	0.1092833297088409
TOP-n	2	3	3	3	3	3	4	4	4	4	4	4	4	4	4	4	4	4	4	4	