Time/Time_1	[0, 3, 6, 10]	0.573051948051948	1.0
Time/Time_2	[8, 20, 24]	0.10878306878306877	0.1111111111111111
Time/Time_3	[1, 2, 3, 4, 5, 6]	0.7345238095238096	0.5
Time/Time_4	[0, 9, 10, 15, 16]	0.4033689839572192	1.0
Time/Time_5	[1, 3, 4, 13]	0.4714285714285714	0.5
Time/Time_6	[1, 2, 81, 206, 235]	0.24875242893917515	0.5
Time/Time_7	[1, 11, 12, 13]	0.29578754578754574	0.5
Time/Time_8	[0, 9, 203]	0.4049019607843137	1.0
Time/Time_9	[0, 1, 5]	0.8333333333333334	1.0
Time/Time_10	[53, 54, 99, 100]	0.03112152881954862	0.018518518518518517
Time/Time_11	[294]	0.003389830508474576	0.003389830508474576
Time/Time_12	[2, 3, 10, 11]	0.3598484848484848	0.3333333333333333
Time/Time_13	[0, 2, 11, 12]	0.5560897435897436	1.0
Time/Time_14	[9, 23, 36]	0.08813813813813814	0.1
Time/Time_15	[0, 1]	1.0	1.0
Time/Time_16	[1, 4, 5, 8]	0.4611111111111111	0.5
Time/Time_17	[1, 2, 3, 4, 5]	0.7100000000000001	0.5
Time/Time_18	[0, 2, 3, 4, 5, 6, 7, 8, 9]	0.8412257495590829	1.0
Time/Time_19	[130]	0.007633587786259542	0.007633587786259542
Time/Time_20	[6, 10, 13, 14, 635]	0.1626978681695663	0.14285714285714285
Time/Time_22	[11]	0.08333333333333333	0.08333333333333333
Time/Time_23	[6]	0.14285714285714285	0.14285714285714285
Time/Time_24	[179, 265, 275, 302, 309]	0.010654854031101156	0.005555555555555556
Time/Time_25	[23, 25, 34]	0.0681013431013431	0.041666666666666664
Time/Time_26	[435, 443, 445, 446]	0.00561827143663914	0.0022935779816513763
Time/Time_27	[211]	0.0047169811320754715	0.0047169811320754715
MAP	0.33117190842350114
MRR	0.4229717992938947
TOP-n	7	13	14	14	14	14	16	16	17	18	18	19	19	19	19	19	19	19	19	19	