Time/Time_1	[72, 74, 79, 82]	0.031514516971997586	0.0136986301369863
Time/Time_2	[101, 106, 110]	0.018507512460233733	0.00980392156862745
Time/Time_3	[203, 204, 205, 206, 207, 208]	0.016881905358123964	0.004901960784313725
Time/Time_4	[92, 99, 100, 108, 109]	0.028521490326008037	0.010752688172043012
Time/Time_5	[75, 76, 79, 89]	0.030269091288828133	0.013157894736842105
Time/Time_6	[1, 2, 86, 148, 151]	0.25217795994267084	0.5
Time/Time_7	[82, 133, 134, 135]	0.01965188820837932	0.012048192771084338
Time/Time_8	[0, 11, 25]	0.4273504273504274	1.0
Time/Time_9	[91, 94, 104]	0.02016454178925575	0.010869565217391304
Time/Time_10	[170, 171, 271, 272]	0.010789321652459747	0.005847953216374269
Time/Time_11	[374]	0.0026666666666666666	0.0026666666666666666
Time/Time_12	[80, 81, 91, 92]	0.028088842813782666	0.012345679012345678
Time/Time_13	[78, 81, 89, 90]	0.028584462259979397	0.012658227848101266
Time/Time_14	[125, 145, 176]	0.012861430205289038	0.007936507936507936
Time/Time_15	[0, 2]	0.8333333333333333	1.0
Time/Time_16	[207, 219, 220, 222]	0.011352620440756817	0.004807692307692308
Time/Time_17	[76, 77, 78, 81, 82]	0.03712483476652843	0.012987012987012988
Time/Time_18	[69, 82, 83, 84, 85, 86, 87, 88, 89]	0.057521484021285936	0.014285714285714285
Time/Time_19	[112]	0.008849557522123894	0.008849557522123894
Time/Time_20	[70, 168, 178, 181, 182]	0.018395805890960053	0.014084507042253521
Time/Time_22	[99]	0.01	0.01
Time/Time_23	[6]	0.14285714285714285	0.14285714285714285
Time/Time_24	[249, 261, 318, 434, 456]	0.008234859567408557	0.004
Time/Time_25	[112, 113, 115]	0.017418495378921314	0.008849557522123894
Time/Time_26	[587, 597, 598, 610]	0.004150038491846554	0.0017006802721088435
Time/Time_27	[259]	0.0038461538461538464	0.0038461538461538464
MAP	0.08004286090040631
MRR	0.10934445795036964
TOP-n	2	3	3	3	3	3	4	4	4	4	4	4	4	4	4	4	4	4	4	4	